,Maxilar,Maxilar,Maxilar,Maxilar,Maxilar,Maxilar,Mandíbula,Mandíbula,Mandíbula,Mandíbula,Mandíbula,Mandíbula,mol_G_1,mol_G_2,mol_G_3,mol_G_4,mol_G_5,mol_G_6,mol_G_7,mol_G_8,mol_G_9,total_#_ds
,Derecho,Derecho,Derecho,Izquierdo,Izquierdo,Izquierdo,Derecho ,Derecho ,Derecho ,Izquierdo,Izquierdo,Izquierdo,,,,,,,,,,
,18,17,16,26,27,28,48,47,46,36,37,38,,,,,,,,,,
,G,G,G,G,G,G,G,G,G,G,G,G,,,,,,,,,,
0,,,3.0,3.0,2.0,1.0,,,,,,,1,1,2,0,0,0,0,0,0,4.0
1,,3.0,,4.0,3.0,3.0,,2.0,9.0,2.0,2.0,,0,3,3,1,0,0,0,0,1,8.0
2,1.0,2.0,3.0,,,,1.0,,,,,2.0,2,2,1,0,0,0,0,0,0,5.0
3,2.0,2.0,5.0,3.0,2.0,2.0,2.0,9.0,5.0,3.0,2.0,2.0,0,7,2,0,2,0,0,0,1,12.0
4,,,,9.0,,,,,,,,,0,0,0,0,0,0,0,0,1,1.0
5,,,5.0,8.0,,5.0,,,,,,,0,0,0,0,2,0,0,1,0,3.0
6,,,,,,,5.0,,,,,,0,0,0,0,1,0,0,0,0,1.0
7,,,,,,,9.0,5.0,,6.0,,3.0,0,0,1,0,1,1,0,0,1,4.0
8,,,4.0,4.0,,,2.0,,,2.0,,1.0,1,2,0,2,0,0,0,0,0,5.0
9,2.0,,9.0,,3.0,2.0,,3.0,9.0,3.0,3.0,,0,2,4,0,0,0,0,0,2,8.0
10,,2.0,3.0,3.0,2.0,,,3.0,9.0,,,,0,2,3,0,0,0,0,0,1,6.0
11,2.0,,2.0,3.0,,2.0,,,3.0,,,,0,3,2,0,0,0,0,0,0,5.0
12,2.0,,3.0,3.0,2.0,2.0,2.0,,3.0,,,2.0,0,5,3,0,0,0,0,0,0,8.0
13,,3.0,4.0,3.0,3.0,,,3.0,5.0,4.0,3.0,,0,0,5,2,1,0,0,0,0,8.0
14,1.0,2.0,3.0,9.0,,,1.0,3.0,4.0,9.0,2.0,1.0,3,2,2,1,0,0,0,0,2,10.0
15,,,7.0,,5.0,,,,,4.0,,,0,0,0,1,1,0,1,0,0,3.0
16,1.0,,,,,,,,,,,,1,0,0,0,0,0,0,0,0,1.0
17,,2.0,2.0,,,,,2.0,2.0,2.0,3.0,,0,5,1,0,0,0,0,0,0,6.0
18,,,6.0,6.0,,,1.0,3.0,5.0,4.0,,2.0,1,1,1,1,1,2,0,0,0,7.0
19,,,,5.0,6.0,,,,,5.0,,,0,0,0,0,2,1,0,0,0,3.0
20,,,,,2.0,,,,5.0,5.0,9.0,,0,1,0,0,2,0,0,0,1,4.0
21,,,,3.0,9.0,,,3.0,,3.0,2.0,,0,1,3,0,0,0,0,0,1,5.0
22,2.0,3.0,,5.0,,,,,,,,,0,1,1,0,1,0,0,0,0,3.0
23,,1.0,9.0,2.0,1.0,,,,2.0,2.0,1.0,,3,3,0,0,0,0,0,0,1,7.0
24,,,3.0,9.0,9.0,,,9.0,,9.0,2.0,,0,1,1,0,0,0,0,0,4,6.0
25,,,4.0,3.0,,,,,,,,,0,0,1,1,0,0,0,0,0,2.0
26,2.0,2.0,3.0,3.0,2.0,2.0,,,,,,,0,4,2,0,0,0,0,0,0,6.0
27,,,,9.0,,,,,,,,,0,0,0,0,0,0,0,0,1,1.0
28,,,7.0,,,,,9.0,9.0,,9.0,9.0,0,0,0,0,0,0,1,0,4,5.0
29,,2.0,1.0,9.0,4.0,3.0,,4.0,,3.0,9.0,,1,1,2,2,0,0,0,0,2,8.0
30,,,,,,,,,3.0,9.0,,,0,0,1,0,0,0,0,0,1,2.0
31,2.0,,4.0,4.0,2.0,,2.0,,4.0,9.0,2.0,2.0,0,5,0,3,0,0,0,0,1,9.0
32,2.0,,3.0,4.0,3.0,2.0,2.0,3.0,4.0,4.0,4.0,,0,3,3,4,0,0,0,0,0,10.0
33,3.0,,6.0,4.0,,,3.0,7.0,6.0,6.0,6.0,5.0,0,0,2,1,1,4,1,0,0,9.0
34,,2.0,2.0,2.0,2.0,,2.0,2.0,2.0,2.0,2.0,1.0,1,9,0,0,0,0,0,0,0,10.0
35,,2.0,3.0,,2.0,,,,,,,,0,2,1,0,0,0,0,0,0,3.0
36,2.0,,3.0,,,,2.0,2.0,,3.0,2.0,,0,4,2,0,0,0,0,0,0,6.0
37,,,4.0,,,,,,,,,,0,0,0,1,0,0,0,0,0,1.0
38,,2.0,3.0,3.0,2.0,2.0,2.0,9.0,4.0,4.0,2.0,2.0,0,6,2,2,0,0,0,0,1,11.0
39,,,,,,,,5.0,5.0,,,,0,0,0,0,2,0,0,0,0,2.0
40,,,,,,,,7.0,8.0,6.0,,,0,0,0,0,0,1,1,1,0,3.0
41,,5.0,,,,,,,,,,,0,0,0,0,1,0,0,0,0,1.0
42,,,,,,,,,5.0,,,,0,0,0,0,1,0,0,0,0,1.0
43,1.0,1.0,,2.0,1.0,1.0,,1.0,,2.0,2.0,1.0,6,3,0,0,0,0,0,0,0,9.0
44,,,,,,,,,,,,,0,0,0,0,0,0,0,0,0,0.0
45,,2.0,4.0,,,,,,,,,,0,1,0,1,0,0,0,0,0,2.0
46,,3.0,5.0,5.0,,,,,,,4.0,2.0,0,1,1,1,2,0,0,0,0,5.0
47,,,,,,,,,,,,,0,0,0,0,0,0,0,0,0,0.0
48,2.0,3.0,,4.0,3.0,2.0,,,3.0,,,,0,2,3,1,0,0,0,0,0,6.0
49,,,,,,,,9.0,3.0,9.0,9.0,9.0,0,0,1,0,0,0,0,0,4,5.0
50,2.0,3.0,3.0,9.0,2.0,2.0,2.0,,9.0,3.0,9.0,,0,4,3,0,0,0,0,0,3,10.0
51,,,,,,,,,,,,,0,0,0,0,0,0,0,0,0,0.0
52,,2.0,2.0,2.0,2.0,,,2.0,2.0,2.0,,,0,7,0,0,0,0,0,0,0,7.0
53,1.0,2.0,3.0,3.0,2.0,1.0,,2.0,9.0,3.0,2.0,1.0,3,4,3,0,0,0,0,0,1,11.0
54,,2.0,,4.0,,2.0,,,4.0,4.0,,,0,2,0,3,0,0,0,0,0,5.0
55,,3.0,,3.0,3.0,2.0,,,3.0,3.0,4.0,,0,1,5,1,0,0,0,0,0,7.0
56,,,6.0,6.0,,,,,6.0,,,4.0,0,0,0,1,0,3,0,0,0,4.0
57,1.0,2.0,3.0,3.0,2.0,1.0,,2.0,3.0,3.0,2.0,,2,4,4,0,0,0,0,0,0,10.0
58,,,,3.0,,9.0,,,,,,,0,0,1,0,0,0,0,0,1,2.0
59,2.0,2.0,3.0,3.0,2.0,1.0,9.0,9.0,3.0,3.0,2.0,2.0,1,5,4,0,0,0,0,0,2,12.0
60,,,,,,,,,,,,,0,0,0,0,0,0,0,0,0,0.0
61,,,,,,,4.0,,8.0,8.0,4.0,,0,0,0,2,0,0,0,2,0,4.0
62,,9.0,4.0,,4.0,,,,4.0,4.0,,,0,0,0,4,0,0,0,0,1,5.0
