,Maxilar,Maxilar,Maxilar,Maxilar,Maxilar,Maxilar,Mandíbula,Mandíbula,Mandíbula,Mandíbula,Mandíbula,Mandíbula,ds_G_0,ds_G_1,ds_G_2,ds_G_3,ds_G_4,ds_G_5,ds_G_6,ds_G_7,ds_G_8,total_#_ds
,Derecho,Derecho,Derecho,Izquierdo,Izquierdo,Izquierdo,Derecho ,Derecho ,Derecho ,Izquierdo,Izquierdo,Izquierdo,,,,,,,,,,
,18,17,16,26,27,28,48,47,46,36,37,38,,,,,,,,,,
0,,,2.0,2.0,1.0,0.0,,,,,,,1,1,2,0,0,0,0,0,0,4
1,,2.0,,5.0,2.0,2.0,,2.0,0.0,2.0,1.0,,1,1,5,0,0,1,0,0,0,8
2,0.0,1.0,2.0,,,,0,,,,,1.0,2,2,1,0,0,0,0,0,0,5
3,1.0,1.0,4.0,2.0,1.0,1.0,1,1.0,4.0,2.0,1.0,1.0,0,8,2,0,2,0,0,0,0,12
4,,,,0.0,,,,,,,,,1,0,0,0,0,0,0,0,0,1
5,,,4.0,8.0,,4.0,,,,,,,0,0,0,0,2,0,0,0,1,3
6,,,,,,,3,,,,,,0,0,0,1,0,0,0,0,0,1
7,,,,,,,0,5.0,,7.0,,4.0,1,0,0,0,1,1,0,1,0,4
8,,,4.0,4.0,,,1,,,,1.0,1.0,0,3,0,0,2,0,0,0,0,5
9,1.0,,0.0,,3.0,1.0,,3.0,0.0,3.0,2.0,,2,2,1,3,0,0,0,0,0,8
10,,2.0,3.0,3.0,2.0,,,3.0,3.0,,,,0,0,2,4,0,0,0,0,0,6
11,1.0,,1.0,2.0,,1.0,,,3.0,,,,0,3,1,1,0,0,0,0,0,5
12,1.0,,3.0,3.0,2.0,1.0,1,,3.0,,,1.0,0,4,1,3,0,0,0,0,0,8
13,,4.0,5.0,4.0,3.0,,,3.0,5.0,4.0,3.0,,0,0,0,3,3,2,0,0,0,8
14,0.0,1.0,2.0,2.0,,,0,2.0,3.0,3.0,2.0,0.0,3,1,4,2,0,0,0,0,0,10
15,,,7.0,,5.0,,,,,4.0,,,0,0,0,0,1,1,0,1,0,3
16,1.0,,,,,,,,,,,,0,1,0,0,0,0,0,0,0,1
17,,1.0,1.0,,,,,1.0,1.0,1.0,1.0,,0,6,0,0,0,0,0,0,0,6
18,,,6.0,7.0,,,2,4.0,4.0,4.0,,1.0,0,1,1,0,3,0,1,1,0,7
19,,,,4.0,5.0,,,,,4.0,,,0,0,0,0,2,1,0,0,0,3
20,,,,,0.0,,,,5.0,5.0,4.0,,1,0,0,0,1,2,0,0,0,4
21,,,,2.0,0.0,,,2.0,,2.0,1.0,,1,1,3,0,0,0,0,0,0,5
22,2.0,3.0,,4.0,,,,,,,,,0,0,1,1,1,0,0,0,0,3
23,,0.0,1.0,1.0,0.0,,,,1.0,1.0,0.0,,3,4,0,0,0,0,0,0,0,7
24,,,3.0,0.0,0.0,,,1.0,,2.0,1.0,,2,2,1,1,0,0,0,0,0,6
25,,,3.0,3.0,,,,,,,,,0,0,0,2,0,0,0,0,0,2
26,1.0,1.0,2.0,2.0,1.0,1.0,,,,,,,0,4,2,0,0,0,0,0,0,6
27,,,,0.0,,,,,,,,,1,0,0,0,0,0,0,0,0,1
28,,,7.0,,,,,0.0,8.0,,0.0,0.0,3,0,0,0,0,0,0,1,1,5
29,,1.0,2.0,3.0,3.0,3.0,,3.0,,3.0,3.0,,0,1,1,6,0,0,0,0,0,8
30,,,,,,,,,3.0,0.0,,,1,0,0,1,0,0,0,0,0,2
31,2.0,,3.0,3.0,1.0,,1,,3.0,3.0,1.0,1.0,0,4,1,4,0,0,0,0,0,9
32,1.0,,2.0,3.0,2.0,1.0,1,2.0,3.0,4.0,3.0,,0,3,3,3,1,0,0,0,0,10
33,5.0,,5.0,5.0,,,2,6.0,6.0,6.0,6.0,5.0,0,0,1,0,0,4,4,0,0,9
34,,1.0,1.0,1.0,1.0,,1,1.0,1.0,1.0,1.0,1.0,0,10,0,0,0,0,0,0,0,10
35,,1.0,2.0,,1.0,,,,,,,,0,2,1,0,0,0,0,0,0,3
36,1.0,,3.0,,,,1,1.0,,3.0,1.0,,0,4,0,2,0,0,0,0,0,6
37,,,4.0,,,,,,,,,,0,0,0,0,1,0,0,0,0,1
38,,1.0,3.0,3.0,1.0,1.0,1|,1.0,3.0,3.0,1.0,1.0,0,6,0,4,0,0,0,0,0,10
39,,,,,,,,5.0,5.0,,,,0,0,0,0,0,2,0,0,0,2
40,,,,,,,,7.0,8.0,5.0,,,0,0,0,0,0,1,0,1,1,3
41,,5.0,,,,,,,,,,,0,0,0,0,0,1,0,0,0,1
42,,,,,,,,,6.0,,,,0,0,0,0,0,0,1,0,0,1
43,0.0,0.0,,1.0,1.0,0.0,,0.0,,1.0,1.0,0.0,5,4,0,0,0,0,0,0,0,9
44,,,,,,,,,,,,,0,0,0,0,0,0,0,0,0,0
45,,1.0,4.0,,,,,,,,,,0,1,0,0,1,0,0,0,0,2
46,,4.0,5.0,6.0,,,,,,,6.0,2.0,0,0,1,0,1,1,2,0,0,5
47,,,,,,,,,,,,,0,0,0,0,0,0,0,0,0,0
48,1.0,2.0,,3.0,2.0,1.0,,,3.0,,,,0,2,2,2,0,0,0,0,0,6
49,,,,,,,,0.0,2.0,0.0,0.0,0.0,4,0,1,0,0,0,0,0,0,5
50,1.0,2.0,3.0,0.0,2.0,1.0,1,,0.0,3.0,0.0,,3,3,2,2,0,0,0,0,0,10
51,,,,,,,,,,,,,0,0,0,0,0,0,0,0,0,0
52,,1.0,1.0,1.0,1.0,,,1.0,1.0,1.0,,,0,7,0,0,0,0,0,0,0,7
53,0.0,1.0,1.0,1.0,1.0,0.0,,1.0,1.0,2.0,1.0,0.0,3,7,1,0,0,0,0,0,0,11
54,,1.0,,4.0,,1.0,,,4.0,4.0,,,0,2,0,0,3,0,0,0,0,5
55,,3.0,3.0,3.0,3.0,1.0,,,3.0,3.0,4.0,,0,1,0,6,1,0,0,0,0,8
56,,,6.0,6.0,,,,,5.0,,,4.0,0,0,0,0,1,1,2,0,0,4
57,0.0,1.0,2.0,2.0,1.0,0.0,,1.0,2.0,2.0,1.0,,2,4,4,0,0,0,0,0,0,10
58,,,,3.0,,0.0,,,,,,,1,0,0,1,0,0,0,0,0,2
59,1.0,2.0,3.0,3.0,1.0,0.0,0,0.0,3.0,3.0,2.0,1.0,3,3,2,4,0,0,0,0,0,12
60,,,,,,,,,,,,,0,0,0,0,0,0,0,0,0,0
61,,,,,,,3,,8.0,8.0,4.0,,0,0,0,1,1,0,0,0,2,4
62,,0.0,4.0,,4.0,,,,4.0,4.0,,,1,0,0,0,4,0,0,0,0,5
