,Rasgo,Edad,N° dientes,N° dientes.1,#_dientes_scott,#_alto_scott,#_bajo_scott,ds_G_0,ds_G_1,ds_G_2,ds_G_3,ds_G_4,ds_G_5,ds_G_6,ds_G_7,ds_G_8,total_#_ds,suma_dientes_x,mol_G_1,mol_G_2,mol_G_3,mol_G_4,mol_G_5,mol_G_6,mol_G_7,mol_G_8,mol_G_9,mol_D_0,mol_D_1,mol_D_2,mol_D_3,mol_D_4,mol_D_5,mol_D_6,mol_D_7,mol_D_8,mol_D_9,mol_F_0,mol_F_1,mol_F_2,mol_F_3,mol_F_4,mol_F_5,mol_F_6,mol_F_7,mol_F_8,mol_F_9,suma_dientes_y,numero_de_caries,numero_de_dientes_caries_no_obs,porcentaje_dientes_con_caries,car_P_1,car_P_2,car_P_3,car_P_4,numero_de_caries_localizadas,numero_de_dientes_caries_no_loc,porcentaje_dientes_con_caries_localizadas,car_L_1,car_L_2,car_L_3,car_L_4,car_L_5,car_L_6,car_L_7,car_L_8,numero_de_calculos,numero_de_dientes_no_obs,porcentaje_dientes_con_calculo,cal_G_1,cal_G_2,cal_G_3,cal_V,cal_L,numero_de_abscesos,numero_de_dientes_abs_no_obs,porcentaje_dientes_con_abscesos,abs_G_1,abs_G_2,abs_G_3,abs_V,abs_L,Sitio_01 Palma Plana  ,Sitio_02 Palma Torre,Sitio_09 El Refugio,Sitio_102 La Esperanza Sorpresa,Sitio_11 El Mirador,Sitio_12 Torre de Energía,Sitio_12 Torre de Energía (S.T),Sitio_21 Selva Ventiaderos,Sitio_22 Selva Bamba,Sitio_37 Primavera El placer,Sitio_38 El Recreo Tórtola,Sitio_41 El Vergel los Búfalos,Sitio_60 Torre Baja,Sitio_63 El Filo,Sitio_63 El Filo ,Sitio_65 Piscina Primavera ,Sitio_78 La Lengüeta,Sitio_89 La Isabela,Sitio_89 La Isabela (Salv.),Sitio_93 La Nada,Sitio_93 La Nada ,Sitio_El Edén,Periodo_2.0,Periodo_3.0,Periodo_4.0,Periodo_4.1,Periodo_4.2,Sexo_F,Sexo_I,Sexo_M,Rango Edad_16-20,Rango Edad_20-35,Rango Edad_35-50,Rango Edad_>50,Sitio,Periodo,Sexo,Rango Edad
0,Rasgo L-20 (II),24-30,9,1,3.0,0.0,3.0,1.0,5.0,4.0,0.0,0.0,0.0,0.0,0.0,0.0,10.0,10.0,1.0,7.0,2.0,0.0,0.0,0.0,0.0,0.0,0.0,1.0,0.0,6.0,1.0,0.0,2.0,0.0,0.0,0.0,0.0,1.0,1.0,2.0,0.0,2.0,4.0,0.0,0.0,0.0,0.0,10.0,3.0,0.0,0.3,1.0,2.0,0.0,0.0,3.0,0.0,0.3,1.0,1.0,0.0,1.0,0.0,0.0,0.0,0.0,1.0,0.0,0.1,0.0,1.0,0.0,1.0,0.0,0.0,0.0,0.0,0.0,0.0,0.0,0.0,0.0,1,0,0,0,0,0,0,0,0,0,0,0,0,0,0,0,0,0,0,0,0,0,0,0,0,1,0,0,0,1,0,1,0,0,01 Palma Plana  ,4.1,M,20-35
1,Rasgo 05 cuadro 29,16-20,6,2,4.0,0.0,4.0,4.0,3.0,1.0,0.0,0.0,0.0,0.0,0.0,0.0,8.0,8.0,5.0,2.0,1.0,0.0,0.0,0.0,0.0,0.0,0.0,5.0,2.0,0.0,0.0,0.0,0.0,1.0,0.0,0.0,0.0,5.0,2.0,0.0,0.0,0.0,1.0,0.0,0.0,0.0,0.0,8.0,3.0,0.0,0.375,3.0,0.0,0.0,0.0,3.0,0.0,0.375,3.0,0.0,0.0,0.0,0.0,0.0,0.0,0.0,0.0,0.0,0.0,0.0,0.0,0.0,0.0,0.0,0.0,0.0,0.0,0.0,0.0,0.0,0.0,0.0,0,1,0,0,0,0,0,0,0,0,0,0,0,0,0,0,0,0,0,0,0,0,0,0,0,0,1,1,0,0,1,0,0,0,02 Palma Torre,4.2,F,16-20
2,Salv. 1 Tumba 2 Ind 1,24-30,13,16,11.0,4.0,7.0,2.0,11.0,9.0,5.0,2.0,0.0,0.0,0.0,0.0,29.0,29.0,0.0,12.0,12.0,0.0,2.0,0.0,0.0,0.0,3.0,0.0,11.0,7.0,3.0,2.0,1.0,0.0,0.0,2.0,3.0,0.0,9.0,9.0,3.0,0.0,2.0,3.0,0.0,0.0,3.0,29.0,10.0,0.0,0.3448275862068966,7.0,1.0,2.0,0.0,10.0,0.0,0.3448275862068966,8.0,2.0,0.0,0.0,0.0,0.0,0.0,0.0,1.0,0.0,0.03448275862068965,1.0,0.0,0.0,1.0,0.0,0.0,0.0,0.0,0.0,0.0,0.0,0.0,0.0,0,0,1,0,0,0,0,0,0,0,0,0,0,0,0,0,0,0,0,0,0,0,0,0,0,0,1,1,0,0,0,1,0,0,09 El Refugio,4.2,F,20-35
3,Salv. 44 Tumba 2 Ind 1,35-40,1,2,0.0,0.0,0.0,1.0,1.0,0.0,1.0,0.0,0.0,0.0,0.0,0.0,3.0,3.0,0.0,1.0,1.0,0.0,0.0,0.0,0.0,0.0,1.0,0.0,1.0,0.0,0.0,0.0,1.0,0.0,0.0,0.0,1.0,0.0,1.0,0.0,0.0,0.0,1.0,0.0,0.0,0.0,1.0,3.0,1.0,0.0,0.3333333333333333,0.0,0.0,1.0,0.0,1.0,0.0,0.3333333333333333,1.0,0.0,0.0,0.0,0.0,0.0,0.0,0.0,2.0,1.0,1.0,1.0,1.0,0.0,0.0,2.0,0.0,0.0,0.0,0.0,0.0,0.0,0.0,0.0,0,0,1,0,0,0,0,0,0,0,0,0,0,0,0,0,0,0,0,0,0,0,0,0,0,1,0,1,0,0,0,0,1,0,09 El Refugio,4.1,F,35-50
4,Salv. 44 Tumba 2 Ind 2,40-50,7,6,3.0,3.0,0.0,2.0,0.0,0.0,2.0,4.0,0.0,2.0,1.0,2.0,13.0,13.0,0.0,0.0,0.0,2.0,4.0,0.0,0.0,5.0,2.0,0.0,0.0,9.0,0.0,0.0,0.0,0.0,1.0,1.0,2.0,0.0,0.0,8.0,0.0,0.0,0.0,3.0,0.0,0.0,2.0,13.0,1.0,4.0,0.1111111111111111,0.0,0.0,1.0,0.0,1.0,4.0,0.1111111111111111,0.0,0.0,0.0,0.0,0.0,1.0,0.0,0.0,5.0,4.0,0.5555555555555556,4.0,1.0,0.0,3.0,2.0,0.0,0.0,0.0,0.0,0.0,0.0,0.0,0.0,0,0,1,0,0,0,0,0,0,0,0,0,0,0,0,0,0,0,0,0,0,0,0,0,0,1,0,1,0,0,0,0,1,0,09 El Refugio,4.1,F,35-50
5,Salv. 43 Tumba 1 Ind H (2),30-35,7,1,1.0,1.0,0.0,0.0,0.0,0.0,1.0,0.0,0.0,0.0,5.0,2.0,8.0,8.0,0.0,0.0,0.0,0.0,1.0,0.0,5.0,2.0,0.0,0.0,0.0,8.0,0.0,0.0,0.0,0.0,0.0,0.0,0.0,0.0,0.0,8.0,0.0,0.0,0.0,0.0,0.0,0.0,0.0,8.0,8.0,0.0,1.0,0.0,1.0,6.0,1.0,8.0,0.0,1.0,0.0,0.0,0.0,0.0,0.0,2.0,0.0,6.0,1.0,0.0,0.125,1.0,0.0,0.0,0.0,1.0,0.0,0.0,0.0,0.0,0.0,0.0,0.0,0.0,0,0,1,0,0,0,0,0,0,0,0,0,0,0,0,0,0,0,0,0,0,0,0,0,0,0,1,1,0,0,0,1,0,0,09 El Refugio,4.2,F,20-35
6,Salv. 43 Tumba 1 Ind M (1),30-35,4,13,3.0,3.0,0.0,3.0,2.0,0.0,0.0,7.0,3.0,1.0,1.0,0.0,17.0,17.0,2.0,0.0,1.0,5.0,4.0,1.0,1.0,0.0,3.0,2.0,1.0,5.0,2.0,1.0,1.0,0.0,2.0,0.0,3.0,2.0,1.0,4.0,2.0,2.0,1.0,2.0,0.0,0.0,3.0,17.0,6.0,5.0,0.5,0.0,4.0,0.0,2.0,6.0,5.0,0.5,1.0,0.0,0.0,0.0,0.0,5.0,0.0,0.0,1.0,3.0,0.07142857142857142,1.0,0.0,0.0,0.0,1.0,1.0,0.0,0.05882352941176471,1.0,0.0,0.0,1.0,0.0,0,0,1,0,0,0,0,0,0,0,0,0,0,0,0,0,0,0,0,0,0,0,0,0,0,0,1,0,0,1,0,1,0,0,09 El Refugio,4.2,M,20-35
7,Salv. 45 Tumba 3 Ind 1,35-40,5,11,5.0,2.0,3.0,0.0,3.0,0.0,2.0,9.0,2.0,0.0,0.0,0.0,16.0,16.0,1.0,3.0,4.0,6.0,2.0,0.0,0.0,0.0,0.0,1.0,1.0,10.0,1.0,0.0,0.0,0.0,2.0,0.0,1.0,1.0,1.0,10.0,1.0,0.0,0.0,2.0,0.0,0.0,1.0,16.0,5.0,2.0,0.35714285714285715,4.0,1.0,0.0,0.0,5.0,2.0,0.35714285714285715,2.0,0.0,2.0,1.0,0.0,0.0,0.0,0.0,1.0,0.0,0.0625,1.0,0.0,0.0,0.0,1.0,0.0,0.0,0.0,0.0,0.0,0.0,0.0,0.0,0,0,1,0,0,0,0,0,0,0,0,0,0,0,0,0,0,0,0,0,0,0,0,0,0,0,1,0,0,1,0,0,1,0,09 El Refugio,4.2,M,35-50
8,Rasgo F-18,24-30,4,8,6.0,4.0,2.0,2.0,2.0,1.0,5.0,2.0,0.0,0.0,0.0,0.0,12.0,12.0,0.0,3.0,6.0,0.0,1.0,0.0,0.0,0.0,2.0,0.0,2.0,1.0,0.0,2.0,3.0,0.0,1.0,1.0,2.0,0.0,2.0,1.0,1.0,1.0,3.0,2.0,0.0,0.0,2.0,12.0,7.0,1.0,0.6363636363636364,6.0,1.0,0.0,0.0,7.0,1.0,0.6363636363636364,6.0,0.0,0.0,1.0,0.0,0.0,0.0,0.0,3.0,3.0,0.3333333333333333,3.0,0.0,0.0,2.0,1.0,0.0,0.0,0.0,0.0,0.0,0.0,0.0,0.0,0,0,0,0,1,0,0,0,0,0,0,0,0,0,0,0,0,0,0,0,0,0,0,0,0,1,0,1,0,0,0,1,0,0,11 El Mirador,4.1,F,20-35
9,Rasgo E-12 Ind 1,20-24,6,5,5.0,4.0,1.0,1.0,4.0,2.0,4.0,0.0,0.0,0.0,0.0,0.0,11.0,11.0,0.0,6.0,3.0,0.0,0.0,0.0,0.0,0.0,2.0,0.0,5.0,0.0,0.0,3.0,0.0,0.0,1.0,0.0,2.0,0.0,5.0,0.0,0.0,3.0,0.0,1.0,0.0,0.0,2.0,11.0,7.0,2.0,0.7777777777777778,6.0,1.0,0.0,0.0,7.0,2.0,0.7777777777777778,6.0,0.0,1.0,0.0,0.0,0.0,0.0,0.0,2.0,3.0,0.25,2.0,0.0,0.0,2.0,0.0,0.0,0.0,0.0,0.0,0.0,0.0,0.0,0.0,0,0,0,0,1,0,0,0,0,0,0,0,0,0,0,0,0,0,0,0,0,0,0,1,0,0,0,0,0,1,0,1,0,0,11 El Mirador,3.0,M,20-35
10,Rasgo E-12 Ind 2,20-24,6,3,5.0,2.0,3.0,1.0,5.0,2.0,1.0,0.0,0.0,0.0,0.0,0.0,9.0,9.0,0.0,5.0,3.0,0.0,0.0,0.0,0.0,0.0,1.0,0.0,5.0,2.0,0.0,1.0,0.0,0.0,0.0,0.0,1.0,0.0,5.0,2.0,0.0,1.0,0.0,0.0,0.0,0.0,1.0,9.0,4.0,1.0,0.5,4.0,0.0,0.0,0.0,4.0,1.0,0.5,4.0,0.0,0.0,0.0,0.0,0.0,0.0,0.0,3.0,2.0,0.42857142857142855,3.0,0.0,0.0,1.0,2.0,0.0,0.0,0.0,0.0,0.0,0.0,0.0,0.0,0,0,0,0,1,0,0,0,0,0,0,0,0,0,0,0,0,0,0,0,0,0,0,1,0,0,0,1,0,0,0,1,0,0,11 El Mirador,3.0,F,20-35
11,Rasgo F3-67 Ind 1,20-24,8,7,8.0,4.0,4.0,1.0,7.0,2.0,5.0,0.0,0.0,0.0,0.0,0.0,15.0,15.0,0.0,8.0,5.0,1.0,0.0,0.0,0.0,0.0,1.0,0.0,9.0,1.0,3.0,1.0,0.0,0.0,0.0,0.0,1.0,0.0,9.0,1.0,3.0,1.0,0.0,0.0,0.0,0.0,1.0,15.0,3.0,1.0,0.21428571428571427,3.0,0.0,0.0,0.0,3.0,1.0,0.21428571428571427,2.0,1.0,0.0,0.0,0.0,0.0,0.0,0.0,5.0,1.0,0.35714285714285715,4.0,1.0,0.0,1.0,4.0,0.0,0.0,0.0,0.0,0.0,0.0,0.0,0.0,0,0,0,0,0,1,0,0,0,0,0,0,0,0,0,0,0,0,0,0,0,0,0,0,0,0,1,1,0,0,0,1,0,0,12 Torre de Energía,4.2,F,20-35
12,Rasgo F3-67 Ind 2,30-35,10,10,8.0,7.0,1.0,0.0,0.0,0.0,7.0,8.0,5.0,0.0,0.0,0.0,20.0,20.0,0.0,0.0,14.0,3.0,3.0,0.0,0.0,0.0,0.0,0.0,5.0,4.0,4.0,2.0,2.0,0.0,0.0,2.0,1.0,0.0,5.0,4.0,5.0,1.0,2.0,2.0,0.0,0.0,1.0,20.0,2.0,0.0,0.1,1.0,1.0,0.0,0.0,2.0,0.0,0.1,1.0,0.0,0.0,0.0,0.0,1.0,0.0,0.0,4.0,13.0,0.5714285714285714,2.0,2.0,0.0,2.0,2.0,0.0,4.0,0.0,0.0,0.0,0.0,0.0,0.0,0,0,0,0,0,1,0,0,0,0,0,0,0,0,0,0,0,0,0,0,0,0,0,0,0,0,1,1,0,0,0,1,0,0,12 Torre de Energía,4.2,F,20-35
13,Rasgo F3-67 Ind 3,16-20,10,16,8.0,3.0,5.0,3.0,4.0,14.0,4.0,1.0,0.0,0.0,0.0,0.0,26.0,26.0,3.0,8.0,9.0,1.0,3.0,0.0,0.0,0.0,2.0,3.0,14.0,0.0,3.0,0.0,0.0,0.0,3.0,1.0,2.0,3.0,14.0,0.0,2.0,1.0,3.0,1.0,0.0,0.0,2.0,26.0,11.0,1.0,0.44,11.0,0.0,0.0,0.0,11.0,1.0,0.44,9.0,2.0,0.0,0.0,0.0,0.0,0.0,0.0,5.0,0.0,0.19230769230769232,5.0,0.0,0.0,1.0,4.0,0.0,0.0,0.0,0.0,0.0,0.0,0.0,0.0,0,0,0,0,0,1,0,0,0,0,0,0,0,0,0,0,0,0,0,0,0,0,0,0,0,0,1,0,0,1,1,0,0,0,12 Torre de Energía,4.2,M,16-20
14,Rasgo F3-67 Ind 4,30-35,4,3,3.0,3.0,0.0,0.0,0.0,0.0,0.0,5.0,1.0,0.0,1.0,0.0,7.0,7.0,0.0,0.0,1.0,1.0,4.0,0.0,1.0,0.0,0.0,0.0,0.0,1.0,2.0,0.0,0.0,3.0,0.0,0.0,1.0,0.0,0.0,1.0,2.0,0.0,3.0,0.0,0.0,0.0,1.0,7.0,2.0,0.0,0.2857142857142857,2.0,0.0,0.0,0.0,2.0,0.0,0.2857142857142857,1.0,1.0,0.0,0.0,0.0,0.0,0.0,0.0,4.0,0.0,0.5714285714285714,3.0,1.0,0.0,2.0,2.0,0.0,0.0,0.0,0.0,0.0,0.0,0.0,0.0,0,0,0,0,0,1,0,0,0,0,0,0,0,0,0,0,0,0,0,0,0,0,0,0,0,0,1,1,0,0,0,1,0,0,12 Torre de Energía,4.2,F,20-35
15,Rasgo A3-26,35-40,8,10,1.0,0.0,1.0,0.0,1.0,1.0,1.0,7.0,4.0,2.0,2.0,0.0,18.0,18.0,1.0,0.0,0.0,5.0,10.0,0.0,2.0,0.0,0.0,1.0,0.0,5.0,5.0,2.0,0.0,3.0,0.0,2.0,0.0,1.0,0.0,2.0,4.0,5.0,4.0,2.0,0.0,0.0,0.0,18.0,1.0,0.0,0.05555555555555555,1.0,0.0,0.0,0.0,1.0,0.0,0.05555555555555555,1.0,0.0,0.0,0.0,0.0,0.0,0.0,0.0,8.0,1.0,0.4705882352941176,3.0,4.0,1.0,5.0,3.0,0.0,0.0,0.0,0.0,0.0,0.0,0.0,0.0,0,0,0,0,0,1,0,0,0,0,0,0,0,0,0,0,0,0,0,0,0,0,0,0,0,0,1,1,0,0,0,0,1,0,12 Torre de Energía,4.2,F,35-50
16,Rasgo 8.1,16-20,7,12,6.0,1.0,5.0,1.0,13.0,5.0,0.0,0.0,0.0,0.0,0.0,0.0,19.0,19.0,0.0,14.0,4.0,0.0,0.0,0.0,0.0,0.0,1.0,0.0,10.0,5.0,1.0,0.0,0.0,0.0,0.0,2.0,1.0,0.0,10.0,5.0,1.0,0.0,1.0,1.0,0.0,0.0,1.0,19.0,11.0,1.0,0.6111111111111112,11.0,0.0,0.0,0.0,11.0,1.0,0.6111111111111112,11.0,0.0,0.0,0.0,0.0,0.0,0.0,0.0,0.0,1.0,0.0,0.0,0.0,0.0,0.0,0.0,0.0,0.0,0.0,0.0,0.0,0.0,0.0,0.0,0,0,0,0,0,0,1,0,0,0,0,0,0,0,0,0,0,0,0,0,0,0,0,0,0,1,0,1,0,0,1,0,0,0,12 Torre de Energía (S.T),4.1,F,16-20
17,Rasgo I5-80 Ind 1,35-40,4,9,7.0,5.0,2.0,0.0,2.0,1.0,1.0,5.0,2.0,1.0,1.0,0.0,13.0,13.0,2.0,1.0,4.0,1.0,3.0,2.0,0.0,0.0,0.0,0.0,2.0,3.0,1.0,0.0,2.0,1.0,0.0,2.0,2.0,0.0,2.0,2.0,0.0,2.0,4.0,1.0,0.0,0.0,2.0,13.0,6.0,2.0,0.5454545454545454,1.0,3.0,0.0,2.0,6.0,2.0,0.5454545454545454,4.0,0.0,0.0,0.0,0.0,2.0,0.0,0.0,5.0,1.0,0.4166666666666667,1.0,2.0,2.0,3.0,2.0,0.0,0.0,0.0,0.0,0.0,0.0,0.0,0.0,0,0,0,0,0,1,0,0,0,0,0,0,0,0,0,0,0,0,0,0,0,0,0,0,0,0,1,0,0,1,0,0,1,0,12 Torre de Energía,4.2,M,35-50
18,Rasgo I5-80 Ind 2,35-40,4,4,3.0,3.0,0.0,0.0,1.0,2.0,2.0,2.0,1.0,0.0,0.0,0.0,8.0,8.0,0.0,0.0,4.0,0.0,2.0,1.0,0.0,0.0,1.0,0.0,0.0,3.0,0.0,0.0,1.0,0.0,2.0,1.0,1.0,0.0,0.0,3.0,0.0,0.0,3.0,1.0,0.0,0.0,1.0,8.0,1.0,1.0,0.14285714285714285,0.0,0.0,0.0,1.0,1.0,1.0,0.14285714285714285,0.0,0.0,0.0,0.0,0.0,1.0,0.0,0.0,2.0,1.0,0.2857142857142857,1.0,1.0,0.0,2.0,0.0,0.0,0.0,0.0,0.0,0.0,0.0,0.0,0.0,0,0,0,0,0,1,0,0,0,0,0,0,0,0,0,0,0,0,0,0,0,0,0,0,0,0,1,1,0,0,0,0,1,0,12 Torre de Energía,4.2,F,35-50
19,Rasgo G-47,30-35,1,6,4.0,3.0,1.0,1.0,0.0,0.0,0.0,2.0,4.0,0.0,0.0,0.0,7.0,7.0,0.0,1.0,0.0,1.0,4.0,0.0,0.0,0.0,1.0,0.0,0.0,2.0,3.0,0.0,0.0,0.0,1.0,0.0,1.0,0.0,0.0,2.0,3.0,0.0,0.0,1.0,0.0,0.0,1.0,7.0,1.0,2.0,0.2,1.0,0.0,0.0,0.0,1.0,2.0,0.2,0.0,1.0,0.0,0.0,0.0,0.0,0.0,0.0,2.0,2.0,0.4,2.0,0.0,0.0,1.0,1.0,0.0,0.0,0.0,0.0,0.0,0.0,0.0,0.0,0,0,0,0,0,0,0,1,0,0,0,0,0,0,0,0,0,0,0,0,0,0,0,0,0,1,0,1,0,0,0,1,0,0,21 Selva Ventiaderos,4.1,F,20-35
20,Rasgo D-13,16-20,2,6,5.0,2.0,3.0,2.0,3.0,3.0,0.0,0.0,0.0,0.0,0.0,0.0,8.0,8.0,0.0,3.0,3.0,0.0,0.0,0.0,0.0,0.0,2.0,0.0,0.0,2.0,1.0,0.0,0.0,0.0,1.0,2.0,2.0,0.0,0.0,0.0,3.0,0.0,3.0,0.0,0.0,0.0,2.0,8.0,5.0,2.0,0.8333333333333334,3.0,2.0,0.0,0.0,5.0,2.0,0.8333333333333334,5.0,0.0,0.0,0.0,0.0,0.0,0.0,0.0,0.0,2.0,0.0,0.0,0.0,0.0,0.0,0.0,0.0,0.0,0.0,0.0,0.0,0.0,0.0,0.0,0,0,0,0,0,0,0,1,0,0,0,0,0,0,0,0,0,0,0,0,0,0,0,0,0,1,0,1,0,0,1,0,0,0,21 Selva Ventiaderos,4.1,F,16-20
21,Rasgo D-40,20-24,12,0,3.0,2.0,1.0,0.0,0.0,1.0,4.0,7.0,0.0,0.0,0.0,0.0,12.0,12.0,0.0,1.0,2.0,8.0,1.0,0.0,0.0,0.0,0.0,0.0,0.0,0.0,0.0,0.0,3.0,8.0,0.0,1.0,0.0,0.0,0.0,1.0,0.0,1.0,5.0,5.0,0.0,0.0,0.0,12.0,4.0,0.0,0.3333333333333333,4.0,0.0,0.0,0.0,4.0,0.0,0.3333333333333333,3.0,0.0,0.0,1.0,0.0,0.0,0.0,0.0,12.0,0.0,1.0,3.0,7.0,2.0,10.0,2.0,1.0,0.0,0.08333333333333333,0.0,0.0,1.0,1.0,0.0,0,0,0,0,0,0,0,0,1,0,0,0,0,0,0,0,0,0,0,0,0,0,0,0,0,0,1,1,0,0,0,1,0,0,22 Selva Bamba,4.2,F,20-35
22,Rasgo B4-48 Ind 1,16-20,9,10,6.0,0.0,6.0,3.0,11.0,5.0,0.0,0.0,0.0,0.0,0.0,0.0,19.0,19.0,3.0,10.0,5.0,0.0,0.0,0.0,0.0,0.0,1.0,3.0,7.0,2.0,0.0,0.0,0.0,0.0,5.0,1.0,1.0,3.0,7.0,2.0,0.0,0.0,0.0,6.0,0.0,0.0,1.0,19.0,8.0,1.0,0.4444444444444444,8.0,0.0,0.0,0.0,8.0,1.0,0.4444444444444444,6.0,0.0,2.0,0.0,0.0,0.0,0.0,0.0,11.0,0.0,0.5789473684210527,11.0,0.0,0.0,9.0,2.0,0.0,0.0,0.0,0.0,0.0,0.0,0.0,0.0,0,0,0,0,0,0,0,0,0,1,0,0,0,0,0,0,0,0,0,0,0,0,0,1,0,0,0,1,0,0,1,0,0,0,37 Primavera El placer,3.0,F,16-20
23,Rasgo B4-48 Ind 2,30-35,7,9,3.0,1.0,2.0,7.0,2.0,2.0,4.0,1.0,0.0,0.0,0.0,0.0,16.0,16.0,0.0,1.0,5.0,0.0,1.0,0.0,0.0,0.0,9.0,0.0,0.0,2.0,0.0,0.0,0.0,0.0,1.0,4.0,9.0,0.0,0.0,1.0,1.0,0.0,4.0,1.0,0.0,0.0,9.0,16.0,4.0,6.0,0.4,4.0,0.0,0.0,0.0,4.0,6.0,0.4,4.0,0.0,0.0,0.0,0.0,0.0,0.0,0.0,3.0,0.0,0.1875,3.0,0.0,0.0,2.0,1.0,0.0,0.0,0.0,0.0,0.0,0.0,0.0,0.0,0,0,0,0,0,0,0,0,0,1,0,0,0,0,0,0,0,0,0,0,0,0,0,1,0,0,0,1,0,0,0,1,0,0,37 Primavera El placer,3.0,F,20-35
24,Rasgo E2-22 Ind 1,24-30,6,2,2.0,2.0,0.0,1.0,0.0,1.0,4.0,1.0,1.0,0.0,0.0,0.0,8.0,8.0,0.0,0.0,3.0,1.0,2.0,1.0,0.0,0.0,1.0,0.0,1.0,0.0,0.0,0.0,1.0,1.0,1.0,3.0,1.0,0.0,1.0,0.0,0.0,0.0,4.0,2.0,0.0,0.0,1.0,8.0,5.0,1.0,0.7142857142857143,3.0,0.0,0.0,2.0,5.0,1.0,0.7142857142857143,1.0,0.0,0.0,1.0,0.0,3.0,0.0,0.0,4.0,1.0,0.5714285714285714,2.0,1.0,1.0,3.0,1.0,0.0,0.0,0.0,0.0,0.0,0.0,0.0,0.0,0,0,0,0,0,0,0,0,0,0,1,0,0,0,0,0,0,0,0,0,0,0,0,0,0,0,1,0,0,1,0,1,0,0,38 El Recreo Tórtola,4.2,M,20-35
25,Rasgo E2-22 Ind 2,20-24,15,0,6.0,0.0,6.0,1.0,9.0,4.0,1.0,0.0,0.0,0.0,0.0,0.0,15.0,15.0,1.0,8.0,4.0,1.0,0.0,0.0,0.0,0.0,1.0,1.0,1.0,1.0,1.0,0.0,4.0,1.0,2.0,3.0,1.0,1.0,1.0,1.0,2.0,0.0,8.0,1.0,0.0,0.0,1.0,15.0,6.0,1.0,0.42857142857142855,5.0,0.0,0.0,1.0,6.0,1.0,0.42857142857142855,5.0,0.0,0.0,0.0,0.0,1.0,0.0,0.0,9.0,1.0,0.6428571428571429,4.0,5.0,0.0,8.0,1.0,0.0,0.0,0.0,0.0,0.0,0.0,0.0,0.0,0,0,0,0,0,0,0,0,0,0,1,0,0,0,0,0,0,0,0,0,0,0,0,0,0,0,1,1,0,0,0,1,0,0,38 El Recreo Tórtola,4.2,F,20-35
26,Corte C-5 Rasgo B5-3,35-40,6,9,0.0,0.0,0.0,1.0,0.0,1.0,3.0,9.0,0.0,0.0,0.0,1.0,15.0,15.0,0.0,0.0,3.0,2.0,8.0,0.0,0.0,1.0,1.0,0.0,0.0,4.0,2.0,1.0,1.0,0.0,1.0,4.0,2.0,0.0,0.0,3.0,4.0,1.0,3.0,2.0,0.0,0.0,2.0,15.0,5.0,0.0,0.3333333333333333,0.0,4.0,0.0,1.0,5.0,0.0,0.3333333333333333,0.0,0.0,0.0,0.0,0.0,4.0,0.0,1.0,14.0,1.0,1.0,8.0,0.0,6.0,2.0,12.0,1.0,0.0,0.06666666666666668,0.0,1.0,0.0,1.0,0.0,0,0,0,0,0,0,0,0,0,0,0,1,0,0,0,0,0,0,0,0,0,0,0,0,0,0,1,1,0,0,0,0,1,0,41 El Vergel los Búfalos,4.2,F,35-50
27,Rasgo E3-9,40-50,10,14,1.0,1.0,0.0,3.0,0.0,0.0,0.0,6.0,7.0,1.0,6.0,1.0,24.0,24.0,0.0,0.0,0.0,0.0,9.0,5.0,6.0,0.0,4.0,0.0,0.0,4.0,5.0,3.0,0.0,0.0,6.0,2.0,4.0,0.0,0.0,4.0,10.0,5.0,1.0,0.0,0.0,0.0,4.0,24.0,12.0,0.0,0.5,9.0,1.0,0.0,2.0,12.0,0.0,0.5,2.0,0.0,0.0,0.0,1.0,8.0,0.0,1.0,21.0,3.0,1.0,6.0,14.0,1.0,16.0,4.0,1.0,0.0,0.041666666666666664,1.0,0.0,0.0,1.0,0.0,0,0,0,0,0,0,0,0,0,0,0,1,0,0,0,0,0,0,0,0,0,0,0,0,0,0,1,0,0,1,0,0,1,0,41 El Vergel los Búfalos,4.2,M,35-50
28,Rasgo C1-10 Ind 1,24-30,14,10,8.0,5.0,3.0,3.0,1.0,6.0,13.0,1.0,0.0,0.0,0.0,0.0,24.0,24.0,1.0,2.0,8.0,6.0,2.0,0.0,0.0,0.0,5.0,0.0,1.0,5.0,0.0,0.0,1.0,0.0,7.0,4.0,6.0,0.0,1.0,5.0,0.0,0.0,6.0,5.0,1.0,0.0,6.0,24.0,10.0,1.0,0.43478260869565216,9.0,0.0,1.0,0.0,10.0,1.0,0.43478260869565216,5.0,2.0,0.0,0.0,0.0,3.0,0.0,0.0,16.0,2.0,0.7272727272727273,13.0,2.0,1.0,5.0,11.0,0.0,0.0,0.0,0.0,0.0,0.0,0.0,0.0,0,0,0,0,0,0,0,0,0,0,0,1,0,0,0,0,0,0,0,0,0,0,0,0,0,0,1,0,1,0,0,1,0,0,41 El Vergel los Búfalos,4.2,I,20-35
29,Rasgo 21 Ind 1,24-30,2,5,1.0,1.0,0.0,2.0,0.0,2.0,3.0,0.0,0.0,0.0,0.0,0.0,7.0,7.0,0.0,1.0,3.0,1.0,0.0,0.0,0.0,0.0,2.0,0.0,0.0,0.0,1.0,0.0,1.0,0.0,1.0,2.0,2.0,0.0,0.0,0.0,1.0,0.0,4.0,0.0,0.0,0.0,2.0,7.0,1.0,2.0,0.2,0.0,1.0,0.0,0.0,1.0,2.0,0.2,0.0,1.0,0.0,0.0,0.0,0.0,0.0,0.0,3.0,1.0,0.5,3.0,0.0,0.0,1.0,2.0,0.0,0.0,0.0,0.0,0.0,0.0,0.0,0.0,0,0,0,0,0,0,0,0,0,0,0,0,1,0,0,0,0,0,0,0,0,0,0,0,0,1,0,0,0,1,0,1,0,0,60 Torre Baja,4.1,M,20-35
30,"Rasgo 03, Ind 2",30-35,9,13,9.0,3.0,6.0,1.0,8.0,6.0,6.0,1.0,0.0,0.0,0.0,0.0,22.0,22.0,0.0,9.0,5.0,5.0,1.0,0.0,0.0,0.0,2.0,0.0,3.0,1.0,2.0,0.0,4.0,0.0,7.0,2.0,3.0,0.0,3.0,1.0,2.0,1.0,7.0,4.0,0.0,0.0,4.0,22.0,11.0,1.0,0.5238095238095238,10.0,0.0,1.0,0.0,11.0,1.0,0.5238095238095238,9.0,2.0,0.0,0.0,0.0,0.0,0.0,0.0,5.0,1.0,0.2380952380952381,4.0,1.0,0.0,1.0,4.0,0.0,0.0,0.0,0.0,0.0,0.0,0.0,0.0,0,0,0,0,0,0,0,0,0,0,0,0,1,0,0,0,0,0,0,0,0,0,0,0,0,1,0,0,0,1,0,1,0,0,60 Torre Baja,4.1,M,20-35
31,"Rasgo 05, Ind 1",35-40,14,15,10.0,8.0,2.0,0.0,3.0,17.0,7.0,1.0,1.0,0.0,0.0,0.0,29.0,29.0,0.0,7.0,13.0,8.0,1.0,0.0,0.0,0.0,0.0,0.0,1.0,5.0,8.0,3.0,3.0,0.0,6.0,3.0,0.0,0.0,1.0,2.0,7.0,1.0,12.0,6.0,0.0,0.0,0.0,29.0,3.0,0.0,0.10344827586206896,2.0,1.0,0.0,0.0,3.0,0.0,0.10344827586206896,2.0,0.0,0.0,0.0,0.0,1.0,0.0,0.0,27.0,0.0,0.9310344827586208,3.0,7.0,17.0,16.0,11.0,0.0,0.0,0.0,0.0,0.0,0.0,0.0,0.0,0,0,0,0,0,0,0,0,0,0,0,0,1,0,0,0,0,0,0,0,0,0,0,0,0,0,1,1,0,0,0,0,1,0,60 Torre Baja,4.2,F,35-50
32,"Rasgo 05, Ind 2",35-40,7,16,9.0,9.0,0.0,0.0,0.0,2.0,8.0,3.0,6.0,4.0,0.0,0.0,23.0,23.0,0.0,0.0,9.0,5.0,3.0,5.0,1.0,0.0,0.0,0.0,0.0,8.0,13.0,0.0,1.0,0.0,0.0,1.0,0.0,0.0,0.0,7.0,2.0,0.0,8.0,6.0,0.0,0.0,0.0,23.0,1.0,0.0,0.043478260869565216,1.0,0.0,0.0,0.0,1.0,0.0,0.043478260869565216,1.0,0.0,0.0,0.0,0.0,0.0,0.0,0.0,23.0,0.0,1.0,3.0,2.0,18.0,5.0,18.0,0.0,0.0,0.0,0.0,0.0,0.0,0.0,0.0,0,0,0,0,0,0,0,0,0,0,0,0,1,0,0,0,0,0,0,0,0,0,0,0,0,0,1,0,0,1,0,0,1,0,60 Torre Baja,4.2,M,35-50
33,Rasgo A3-17 Ind 1,16-20,5,6,10.0,0.0,10.0,0.0,11.0,0.0,0.0,0.0,0.0,0.0,0.0,0.0,11.0,11.0,1.0,10.0,0.0,0.0,0.0,0.0,0.0,0.0,0.0,0.0,4.0,0.0,4.0,0.0,0.0,0.0,2.0,0.0,1.0,0.0,4.0,0.0,2.0,0.0,4.0,0.0,0.0,0.0,1.0,11.0,10.0,0.0,0.9090909090909092,10.0,0.0,0.0,0.0,10.0,0.0,0.9090909090909092,10.0,0.0,0.0,0.0,0.0,0.0,0.0,0.0,0.0,0.0,0.0,0.0,0.0,0.0,0.0,0.0,0.0,0.0,0.0,0.0,0.0,0.0,0.0,0.0,0,0,0,0,0,0,0,0,0,0,0,0,0,1,0,0,0,0,0,0,0,0,0,0,0,1,0,0,0,1,1,0,0,0,63 El Filo,4.1,M,16-20
34,Rasgo A3-17 Ind 2,16-20,6,0,3.0,1.0,2.0,0.0,4.0,1.0,1.0,0.0,0.0,0.0,0.0,0.0,6.0,6.0,0.0,3.0,2.0,0.0,0.0,0.0,0.0,0.0,1.0,0.0,1.0,4.0,0.0,0.0,0.0,0.0,0.0,0.0,1.0,0.0,1.0,0.0,0.0,3.0,1.0,0.0,0.0,0.0,1.0,6.0,4.0,1.0,0.8,4.0,0.0,0.0,0.0,4.0,1.0,0.8,4.0,0.0,0.0,0.0,0.0,0.0,0.0,0.0,0.0,0.0,0.0,0.0,0.0,0.0,0.0,0.0,0.0,0.0,0.0,0.0,0.0,0.0,0.0,0.0,0,0,0,0,0,0,0,0,0,0,0,0,0,0,1,0,0,0,0,0,0,0,0,0,0,1,0,1,0,0,1,0,0,0,63 El Filo ,4.1,F,16-20
35,Tumba E8,20-24,6,5,6.0,2.0,4.0,1.0,6.0,0.0,4.0,0.0,0.0,0.0,0.0,0.0,11.0,11.0,0.0,6.0,4.0,0.0,0.0,0.0,0.0,0.0,1.0,0.0,3.0,1.0,2.0,0.0,1.0,0.0,0.0,3.0,1.0,0.0,3.0,1.0,2.0,0.0,3.0,1.0,0.0,0.0,1.0,11.0,2.0,0.0,0.18181818181818185,2.0,0.0,0.0,0.0,2.0,0.0,0.18181818181818185,2.0,0.0,0.0,0.0,0.0,0.0,0.0,0.0,8.0,0.0,0.7272727272727273,7.0,0.0,1.0,5.0,3.0,0.0,0.0,0.0,0.0,0.0,0.0,0.0,0.0,0,0,0,0,0,0,0,0,0,0,0,0,0,0,0,1,0,0,0,0,0,0,1,0,0,0,0,0,0,1,0,1,0,0,65 Piscina Primavera ,2.0,M,20-35
36,"Rasgo G5, Tumba F-23",30-35,7,0,1.0,1.0,0.0,1.0,1.0,0.0,2.0,3.0,0.0,0.0,0.0,0.0,7.0,7.0,0.0,0.0,1.0,4.0,1.0,0.0,0.0,0.0,1.0,0.0,0.0,2.0,0.0,2.0,0.0,0.0,2.0,0.0,1.0,0.0,0.0,0.0,1.0,0.0,5.0,0.0,0.0,0.0,1.0,7.0,4.0,0.0,0.5714285714285714,4.0,0.0,0.0,0.0,4.0,0.0,0.5714285714285714,4.0,0.0,0.0,0.0,0.0,0.0,0.0,0.0,0.0,0.0,0.0,0.0,0.0,0.0,0.0,0.0,0.0,0.0,0.0,0.0,0.0,0.0,0.0,0.0,0,0,0,0,0,0,0,0,0,0,0,0,0,0,0,1,0,0,0,0,0,0,0,0,0,0,1,1,0,0,0,1,0,0,65 Piscina Primavera ,4.2,F,20-35
37,Rasgo F-12 Ind 1,20-24,12,11,11.0,4.0,7.0,0.0,11.0,7.0,4.0,0.0,0.0,0.0,0.0,0.0,22.0,23.0,0.0,13.0,7.0,2.0,0.0,0.0,0.0,0.0,1.0,0.0,6.0,5.0,3.0,0.0,1.0,0.0,4.0,3.0,1.0,0.0,6.0,4.0,2.0,0.0,4.0,6.0,0.0,0.0,1.0,23.0,12.0,0.0,0.5217391304347826,10.0,2.0,0.0,0.0,12.0,0.0,0.5217391304347826,12.0,0.0,0.0,0.0,0.0,0.0,0.0,0.0,5.0,2.0,0.2380952380952381,5.0,0.0,0.0,5.0,0.0,0.0,0.0,0.0,0.0,0.0,0.0,0.0,0.0,0,0,0,0,0,0,0,0,0,0,0,0,0,0,0,0,1,0,0,0,0,0,1,0,0,0,0,1,0,0,0,1,0,0,78 La Lengüeta,2.0,F,20-35
38,Rasgo F-12 Ind 2,30-35,0,9,2.0,2.0,0.0,0.0,0.0,0.0,5.0,2.0,2.0,0.0,0.0,0.0,9.0,9.0,0.0,0.0,4.0,3.0,2.0,0.0,0.0,0.0,0.0,0.0,0.0,5.0,2.0,0.0,0.0,0.0,0.0,2.0,0.0,0.0,0.0,4.0,3.0,0.0,1.0,1.0,0.0,0.0,0.0,9.0,3.0,0.0,0.3333333333333333,3.0,0.0,0.0,0.0,3.0,0.0,0.3333333333333333,2.0,0.0,0.0,0.0,0.0,1.0,0.0,0.0,8.0,0.0,0.8888888888888888,3.0,3.0,2.0,1.0,7.0,0.0,0.0,0.0,0.0,0.0,0.0,0.0,0.0,0,0,0,0,0,0,0,0,0,0,0,0,0,0,0,0,1,0,0,0,0,0,1,0,0,0,0,0,0,1,0,1,0,0,78 La Lengüeta,2.0,M,20-35
39,Rasgo L 41-2,>50,0,13,3.0,3.0,0.0,0.0,0.0,0.0,0.0,3.0,4.0,0.0,5.0,1.0,13.0,13.0,0.0,0.0,0.0,2.0,1.0,3.0,6.0,1.0,0.0,0.0,0.0,0.0,10.0,0.0,0.0,0.0,0.0,0.0,3.0,0.0,0.0,3.0,3.0,3.0,1.0,0.0,0.0,0.0,3.0,13.0,1.0,0.0,0.07692307692307693,0.0,0.0,0.0,1.0,1.0,0.0,0.07692307692307693,0.0,0.0,0.0,0.0,0.0,0.0,0.0,1.0,6.0,2.0,0.5454545454545454,3.0,3.0,0.0,0.0,6.0,0.0,0.0,0.0,0.0,0.0,0.0,0.0,0.0,0,0,0,0,0,0,0,0,0,0,0,0,0,0,0,0,1,0,0,0,0,0,0,0,0,0,1,0,0,1,0,0,0,1,78 La Lengüeta,4.2,M,>50
40,Rasgo B4-22,40-45,3,3,1.0,1.0,0.0,0.0,0.0,0.0,0.0,0.0,2.0,2.0,0.0,2.0,6.0,6.0,0.0,0.0,0.0,0.0,2.0,2.0,0.0,2.0,0.0,0.0,0.0,3.0,1.0,0.0,1.0,0.0,0.0,1.0,0.0,0.0,0.0,2.0,0.0,3.0,0.0,1.0,0.0,0.0,0.0,6.0,6.0,0.0,1.0,2.0,2.0,0.0,2.0,6.0,0.0,1.0,1.0,0.0,0.0,0.0,0.0,3.0,0.0,2.0,3.0,2.0,0.75,2.0,1.0,0.0,0.0,3.0,4.0,0.0,0.6666666666666666,2.0,1.0,1.0,4.0,0.0,0,0,0,0,0,0,0,0,0,0,0,0,0,0,0,0,0,1,0,0,0,0,0,0,0,1,0,1,0,0,0,0,0,1,89 La Isabela,4.1,F,>50
41,Rasgo C-15,>50,0,4,1.0,1.0,0.0,0.0,0.0,0.0,0.0,0.0,0.0,3.0,1.0,0.0,4.0,4.0,0.0,0.0,0.0,0.0,1.0,2.0,0.0,1.0,0.0,0.0,0.0,2.0,2.0,0.0,0.0,0.0,0.0,0.0,0.0,0.0,0.0,1.0,1.0,0.0,1.0,1.0,0.0,0.0,0.0,4.0,3.0,1.0,1.0,2.0,0.0,0.0,1.0,3.0,1.0,1.0,1.0,0.0,0.0,0.0,0.0,1.0,0.0,1.0,0.0,1.0,0.0,0.0,0.0,0.0,0.0,0.0,0.0,0.0,0.0,0.0,0.0,0.0,0.0,0.0,0,0,0,0,0,0,0,0,0,0,0,0,0,0,0,0,0,1,0,0,0,0,0,0,0,0,1,0,1,0,0,0,0,1,89 La Isabela,4.2,I,>50
42,Monit. 135 Salv. 1 Ind 1,16-20,12,11,8.0,0.0,8.0,6.0,11.0,6.0,0.0,0.0,0.0,0.0,0.0,0.0,23.0,23.0,7.0,16.0,0.0,0.0,0.0,0.0,0.0,0.0,0.0,7.0,12.0,2.0,0.0,0.0,2.0,0.0,0.0,0.0,0.0,7.0,12.0,2.0,0.0,0.0,2.0,0.0,0.0,0.0,0.0,23.0,2.0,0.0,0.08695652173913042,1.0,1.0,0.0,0.0,2.0,0.0,0.08695652173913042,1.0,1.0,0.0,0.0,0.0,0.0,0.0,0.0,3.0,1.0,0.13636363636363635,3.0,0.0,0.0,3.0,0.0,0.0,0.0,0.0,0.0,0.0,0.0,0.0,0.0,0,0,0,0,0,0,0,0,0,0,0,0,0,0,0,0,0,0,1,0,0,0,0,0,0,0,1,0,1,0,1,0,0,0,89 La Isabela (Salv.),4.2,I,16-20
43,Monit. 135 Salv. 1 Ind 2,45-50,0,6,0.0,0.0,0.0,0.0,0.0,0.0,0.0,0.0,0.0,6.0,0.0,0.0,6.0,6.0,0.0,0.0,0.0,0.0,0.0,4.0,2.0,0.0,0.0,0.0,0.0,6.0,0.0,0.0,0.0,0.0,0.0,0.0,0.0,0.0,0.0,6.0,0.0,0.0,0.0,0.0,0.0,0.0,0.0,6.0,6.0,0.0,1.0,0.0,0.0,6.0,0.0,6.0,0.0,1.0,0.0,0.0,0.0,0.0,0.0,0.0,0.0,6.0,3.0,2.0,0.75,0.0,0.0,3.0,3.0,0.0,0.0,0.0,0.0,0.0,0.0,0.0,0.0,0.0,0,0,0,0,0,0,0,0,0,0,0,0,0,0,0,0,0,0,1,0,0,0,0,0,0,0,1,0,0,1,0,0,0,1,89 La Isabela (Salv.),4.2,M,>50
44,Rasgo J-70 Ind 1,30-35,7,7,2.0,1.0,1.0,1.0,2.0,0.0,0.0,9.0,2.0,0.0,0.0,0.0,14.0,14.0,0.0,2.0,0.0,7.0,2.0,2.0,0.0,0.0,1.0,0.0,0.0,7.0,2.0,2.0,1.0,0.0,0.0,1.0,1.0,0.0,0.0,4.0,0.0,2.0,6.0,1.0,0.0,0.0,1.0,14.0,5.0,0.0,0.35714285714285715,4.0,0.0,1.0,0.0,5.0,0.0,0.35714285714285715,0.0,0.0,0.0,1.0,0.0,4.0,0.0,0.0,6.0,7.0,0.8571428571428571,4.0,2.0,0.0,3.0,3.0,0.0,0.0,0.0,0.0,0.0,0.0,0.0,0.0,0,0,0,0,0,0,0,0,0,0,0,0,0,0,0,0,0,0,0,0,1,0,0,0,0,1,0,0,0,1,0,1,0,0,93 La Nada ,4.1,M,20-35
45,Rasgo J-70 Ind 2,30-35,5,10,5.0,4.0,1.0,0.0,0.0,1.0,0.0,3.0,1.0,4.0,3.0,3.0,15.0,15.0,0.0,1.0,1.0,3.0,3.0,0.0,4.0,3.0,0.0,0.0,1.0,5.0,6.0,0.0,0.0,0.0,1.0,0.0,2.0,0.0,1.0,0.0,1.0,6.0,3.0,2.0,0.0,0.0,2.0,15.0,15.0,0.0,1.0,4.0,0.0,6.0,5.0,15.0,0.0,1.0,2.0,0.0,0.0,0.0,0.0,7.0,0.0,6.0,3.0,8.0,0.42857142857142855,3.0,0.0,0.0,2.0,1.0,3.0,0.0,0.2,0.0,2.0,1.0,3.0,0.0,0,0,0,0,0,0,0,0,0,0,0,0,0,0,0,0,0,0,0,0,1,0,0,0,0,1,0,1,0,0,0,1,0,0,93 La Nada ,4.1,F,20-35
46,Rasgo N-62 Ind 2,35-40,2,1,0.0,0.0,0.0,2.0,0.0,0.0,0.0,1.0,0.0,0.0,0.0,0.0,3.0,3.0,0.0,0.0,0.0,1.0,0.0,0.0,0.0,0.0,2.0,0.0,0.0,1.0,0.0,0.0,0.0,0.0,0.0,0.0,2.0,0.0,0.0,1.0,0.0,0.0,0.0,0.0,0.0,0.0,2.0,3.0,2.0,1.0,1.0,1.0,0.0,0.0,1.0,2.0,1.0,1.0,0.0,0.0,0.0,1.0,0.0,1.0,0.0,0.0,0.0,2.0,0.0,0.0,0.0,0.0,0.0,0.0,0.0,0.0,0.0,0.0,0.0,0.0,0.0,0.0,0,0,0,0,0,0,0,0,0,0,0,0,0,0,0,0,0,0,0,1,0,0,0,0,0,0,1,1,0,0,0,0,1,0,93 La Nada,4.2,F,35-50
47,Rasgo N-67 Ind 1,24-30,9,3,6.0,4.0,2.0,0.0,2.0,3.0,7.0,0.0,0.0,0.0,0.0,0.0,12.0,12.0,0.0,2.0,9.0,1.0,0.0,0.0,0.0,0.0,0.0,0.0,1.0,6.0,1.0,0.0,4.0,0.0,0.0,0.0,0.0,0.0,1.0,2.0,3.0,0.0,5.0,1.0,0.0,0.0,0.0,12.0,6.0,0.0,0.5,6.0,0.0,0.0,0.0,6.0,0.0,0.5,6.0,0.0,0.0,0.0,0.0,0.0,0.0,0.0,2.0,0.0,0.16666666666666666,2.0,0.0,0.0,2.0,0.0,0.0,0.0,0.0,0.0,0.0,0.0,0.0,0.0,0,0,0,0,0,0,0,0,0,0,0,0,0,0,0,0,0,0,0,1,0,0,0,0,1,0,0,0,1,0,0,1,0,0,93 La Nada,4.0,I,20-35
48,Rasgo N-67 Ind 3,24-30,0,11,3.0,1.0,2.0,4.0,1.0,3.0,3.0,0.0,0.0,0.0,0.0,0.0,11.0,11.0,0.0,1.0,6.0,0.0,0.0,0.0,0.0,0.0,4.0,0.0,3.0,1.0,1.0,2.0,0.0,0.0,0.0,0.0,4.0,0.0,3.0,1.0,0.0,0.0,2.0,1.0,0.0,0.0,4.0,11.0,4.0,0.0,0.3636363636363637,1.0,2.0,0.0,1.0,4.0,0.0,0.3636363636363637,2.0,0.0,0.0,0.0,0.0,1.0,1.0,0.0,0.0,5.0,0.0,0.0,0.0,0.0,0.0,0.0,0.0,0.0,0.0,0.0,0.0,0.0,0.0,0.0,0,0,0,0,0,0,0,0,0,0,0,0,0,0,0,0,0,0,0,1,0,0,0,0,1,0,0,0,0,1,0,1,0,0,93 La Nada,4.0,M,20-35
49,"Rasgo O1-67, Ind 1",24-30,16,10,7.0,7.0,0.0,4.0,6.0,9.0,7.0,0.0,0.0,0.0,0.0,0.0,26.0,26.0,0.0,7.0,12.0,3.0,0.0,0.0,0.0,0.0,4.0,0.0,1.0,11.0,4.0,0.0,0.0,0.0,5.0,1.0,4.0,0.0,1.0,8.0,0.0,0.0,8.0,5.0,0.0,0.0,4.0,26.0,9.0,2.0,0.375,8.0,0.0,0.0,1.0,9.0,2.0,0.375,9.0,0.0,0.0,0.0,0.0,0.0,0.0,0.0,0.0,3.0,0.0,0.0,0.0,0.0,0.0,0.0,0.0,0.0,0.0,0.0,0.0,0.0,0.0,0.0,0,0,0,0,0,0,0,0,0,0,0,0,0,0,0,0,0,0,0,1,0,0,0,0,0,1,0,0,1,0,0,1,0,0,93 La Nada,4.1,I,20-35
50,"Rasgo O1-67, Ind 2",24-30,1,4,0.0,0.0,0.0,0.0,0.0,1.0,2.0,1.0,0.0,0.0,0.0,1.0,5.0,5.0,0.0,0.0,3.0,0.0,1.0,0.0,0.0,1.0,0.0,0.0,0.0,0.0,1.0,0.0,0.0,0.0,1.0,3.0,0.0,0.0,0.0,0.0,0.0,1.0,1.0,3.0,0.0,0.0,0.0,5.0,4.0,0.0,0.8,1.0,1.0,1.0,1.0,4.0,0.0,0.8,0.0,0.0,0.0,0.0,0.0,3.0,0.0,1.0,0.0,1.0,0.0,0.0,0.0,0.0,0.0,0.0,1.0,0.0,0.2,1.0,0.0,0.0,0.0,1.0,0,0,0,0,0,0,0,0,0,0,0,0,0,0,0,0,0,0,0,1,0,0,0,0,0,1,0,1,0,0,0,1,0,0,93 La Nada,4.1,F,20-35
51,Rasgo K4-48,16-20,6,6,6.0,0.0,6.0,0.0,12.0,0.0,0.0,0.0,0.0,0.0,0.0,0.0,12.0,12.0,0.0,12.0,0.0,0.0,0.0,0.0,0.0,0.0,0.0,0.0,10.0,0.0,2.0,0.0,0.0,0.0,0.0,0.0,0.0,0.0,10.0,0.0,1.0,0.0,1.0,0.0,0.0,0.0,0.0,12.0,4.0,0.0,0.3333333333333333,4.0,0.0,0.0,0.0,4.0,0.0,0.3333333333333333,4.0,0.0,0.0,0.0,0.0,0.0,0.0,0.0,1.0,0.0,0.08333333333333333,1.0,0.0,0.0,1.0,0.0,0.0,0.0,0.0,0.0,0.0,0.0,0.0,0.0,0,0,0,1,0,0,0,0,0,0,0,0,0,0,0,0,0,0,0,0,0,0,0,0,0,1,0,1,0,0,1,0,0,0,102 La Esperanza Sorpresa,4.1,F,16-20
52,Rasgo 1,16-20,13,13,11.0,3.0,8.0,9.0,14.0,2.0,1.0,0.0,0.0,0.0,0.0,0.0,26.0,26.0,3.0,11.0,5.0,0.0,0.0,0.0,0.0,0.0,7.0,3.0,9.0,1.0,3.0,0.0,0.0,0.0,2.0,1.0,7.0,3.0,9.0,0.0,2.0,0.0,4.0,1.0,0.0,0.0,7.0,26.0,8.0,5.0,0.3809523809523809,5.0,3.0,0.0,0.0,8.0,5.0,0.3809523809523809,8.0,0.0,0.0,0.0,0.0,0.0,0.0,0.0,2.0,5.0,0.09523809523809523,2.0,0.0,0.0,2.0,0.0,0.0,0.0,0.0,0.0,0.0,0.0,0.0,0.0,0,0,0,0,0,0,0,0,0,0,0,0,0,0,0,0,0,0,0,0,0,1,0,0,1,0,0,0,1,0,1,0,0,0,El Edén,4.0,I,16-20
53,"Salvamento 2, Ind 1",20-24,8,10,5.0,3.0,2.0,2.0,2.0,6.0,5.0,3.0,0.0,0.0,0.0,0.0,18.0,18.0,0.0,2.0,11.0,3.0,0.0,0.0,0.0,0.0,2.0,0.0,1.0,8.0,1.0,3.0,2.0,0.0,0.0,1.0,2.0,0.0,1.0,4.0,0.0,0.0,11.0,0.0,0.0,0.0,2.0,18.0,5.0,2.0,0.3125,4.0,0.0,1.0,0.0,5.0,2.0,0.3125,3.0,1.0,0.0,0.0,0.0,1.0,0.0,0.0,12.0,2.0,0.75,10.0,2.0,0.0,8.0,4.0,0.0,0.0,0.0,0.0,0.0,0.0,0.0,0.0,0,0,0,0,0,0,0,0,0,0,0,0,0,0,0,0,0,0,0,0,0,1,0,0,1,0,0,0,1,0,0,1,0,0,El Edén,4.0,I,20-35
54,"Salvamento 2, Ind 2",24-30,10,9,8.0,7.0,1.0,1.0,1.0,1.0,11.0,5.0,0.0,0.0,0.0,0.0,19.0,19.0,0.0,1.0,12.0,5.0,0.0,0.0,0.0,0.0,1.0,0.0,0.0,6.0,7.0,4.0,1.0,0.0,0.0,0.0,1.0,0.0,0.0,3.0,1.0,0.0,14.0,0.0,0.0,0.0,1.0,19.0,3.0,1.0,0.16666666666666666,3.0,0.0,0.0,0.0,3.0,1.0,0.16666666666666666,3.0,0.0,0.0,0.0,0.0,0.0,0.0,0.0,17.0,1.0,0.9444444444444444,13.0,4.0,0.0,16.0,1.0,0.0,0.0,0.0,0.0,0.0,0.0,0.0,0.0,0,0,0,0,0,0,0,0,0,0,0,0,0,0,0,0,0,0,0,0,0,1,0,0,1,0,0,0,0,1,0,1,0,0,El Edén,4.0,M,20-35
55,"Rasgo 20, Ind 1",>50,11,12,4.0,4.0,0.0,0.0,0.0,0.0,3.0,5.0,12.0,2.0,1.0,0.0,23.0,23.0,0.0,0.0,4.0,1.0,14.0,3.0,1.0,0.0,0.0,0.0,0.0,9.0,6.0,4.0,0.0,1.0,2.0,1.0,0.0,0.0,0.0,10.0,2.0,0.0,7.0,4.0,0.0,0.0,0.0,23.0,9.0,0.0,0.39130434782608703,5.0,2.0,0.0,2.0,9.0,0.0,0.39130434782608703,0.0,0.0,0.0,0.0,0.0,5.0,3.0,1.0,18.0,2.0,0.8571428571428571,8.0,5.0,5.0,11.0,7.0,2.0,0.0,0.08695652173913042,2.0,0.0,0.0,2.0,0.0,0,0,0,0,0,0,0,0,0,0,0,0,0,0,0,0,0,0,0,0,0,1,0,0,1,0,0,0,0,1,0,0,0,1,El Edén,4.0,M,>50
56,"Rasgo 20, Ind 2",16-20,14,11,10.0,4.0,6.0,2.0,17.0,6.0,0.0,0.0,0.0,0.0,0.0,0.0,25.0,25.0,3.0,16.0,6.0,0.0,0.0,0.0,0.0,0.0,0.0,3.0,13.0,1.0,4.0,0.0,1.0,0.0,3.0,0.0,0.0,3.0,13.0,0.0,4.0,0.0,2.0,3.0,0.0,0.0,0.0,25.0,14.0,0.0,0.56,13.0,0.0,1.0,0.0,14.0,0.0,0.56,12.0,0.0,1.0,1.0,0.0,0.0,0.0,0.0,4.0,1.0,0.16666666666666666,4.0,0.0,0.0,0.0,4.0,0.0,0.0,0.0,0.0,0.0,0.0,0.0,0.0,0,0,0,0,0,0,0,0,0,0,0,0,0,0,0,0,0,0,0,0,0,1,0,0,1,0,0,1,0,0,1,0,0,0,El Edén,4.0,F,16-20
57,"Rasgo 28, Ind 1",35-40,2,5,1.0,1.0,0.0,1.0,0.0,0.0,2.0,0.0,4.0,0.0,0.0,0.0,7.0,7.0,0.0,0.0,2.0,0.0,4.0,0.0,0.0,0.0,1.0,0.0,0.0,1.0,0.0,1.0,0.0,0.0,4.0,0.0,1.0,0.0,0.0,1.0,0.0,0.0,3.0,2.0,0.0,0.0,1.0,7.0,4.0,0.0,0.5714285714285714,3.0,1.0,0.0,0.0,4.0,0.0,0.5714285714285714,2.0,0.0,0.0,1.0,0.0,1.0,0.0,0.0,3.0,0.0,0.42857142857142855,1.0,2.0,0.0,1.0,2.0,0.0,0.0,0.0,0.0,0.0,0.0,0.0,0.0,0,0,0,0,0,0,0,0,0,0,0,0,0,0,0,0,0,0,0,0,0,1,0,0,1,0,0,1,0,0,0,0,1,0,El Edén,4.0,F,35-50
58,"Rasgo 28, Ind 2",24-30,12,15,10.0,6.0,4.0,3.0,6.0,4.0,11.0,3.0,0.0,0.0,0.0,0.0,27.0,27.0,1.0,9.0,8.0,7.0,0.0,0.0,0.0,0.0,2.0,1.0,2.0,7.0,4.0,0.0,1.0,0.0,5.0,5.0,2.0,1.0,2.0,5.0,0.0,0.0,4.0,13.0,0.0,0.0,2.0,27.0,16.0,0.0,0.5925925925925926,10.0,4.0,2.0,0.0,16.0,0.0,0.5925925925925926,8.0,1.0,0.0,4.0,0.0,3.0,0.0,0.0,27.0,0.0,1.0,24.0,3.0,0.0,26.0,1.0,1.0,0.0,0.037037037037037035,0.0,1.0,0.0,1.0,0.0,0,0,0,0,0,0,0,0,0,0,0,0,0,0,0,0,0,0,0,0,0,1,0,0,1,0,0,1,0,0,0,1,0,0,El Edén,4.0,F,20-35
59,"Rasgo 28, Ind 3",>50,0,1,0.0,0.0,0.0,0.0,0.0,0.0,0.0,0.0,0.0,1.0,0.0,0.0,1.0,1.0,0.0,0.0,0.0,0.0,0.0,1.0,0.0,0.0,0.0,0.0,0.0,0.0,1.0,0.0,0.0,0.0,0.0,0.0,0.0,0.0,0.0,0.0,0.0,0.0,1.0,0.0,0.0,0.0,0.0,1.0,0.0,0.0,0.0,0.0,0.0,0.0,0.0,0.0,0.0,0.0,0.0,0.0,0.0,0.0,0.0,0.0,0.0,0.0,1.0,0.0,1.0,1.0,0.0,0.0,0.0,1.0,1.0,0.0,1.0,0.0,0.0,1.0,1.0,0.0,0,0,0,0,0,0,0,0,0,0,0,0,0,0,0,0,0,0,0,0,0,1,0,0,1,0,0,0,0,1,0,0,0,1,El Edén,4.0,M,>50
60,"Rasgo 29, Ind 1",40-50,10,14,4.0,4.0,0.0,1.0,0.0,0.0,1.0,2.0,10.0,7.0,0.0,3.0,24.0,24.0,0.0,0.0,0.0,5.0,13.0,2.0,0.0,3.0,1.0,0.0,0.0,10.0,4.0,2.0,2.0,2.0,0.0,1.0,3.0,0.0,0.0,1.0,2.0,2.0,15.0,1.0,0.0,0.0,3.0,24.0,7.0,0.0,0.2916666666666667,2.0,2.0,0.0,3.0,16.0,0.0,0.6666666666666666,2.0,0.0,0.0,0.0,0.0,2.0,9.0,3.0,20.0,4.0,1.0,9.0,9.0,2.0,17.0,3.0,2.0,0.0,0.08333333333333333,0.0,1.0,1.0,2.0,0.0,0,0,0,0,0,0,0,0,0,0,0,0,0,0,0,0,0,0,0,0,0,1,0,0,1,0,0,0,0,1,0,0,1,0,El Edén,4.0,M,35-50
61,"Rasgo 29, Ind 2",35-40,7,10,5.0,4.0,1.0,1.0,0.0,5.0,2.0,9.0,0.0,0.0,0.0,0.0,17.0,17.0,0.0,0.0,7.0,9.0,0.0,0.0,0.0,0.0,1.0,0.0,0.0,4.0,2.0,5.0,2.0,0.0,0.0,3.0,1.0,0.0,0.0,2.0,0.0,0.0,10.0,4.0,0.0,0.0,1.0,17.0,2.0,0.0,0.1176470588235294,2.0,0.0,0.0,0.0,2.0,0.0,0.1176470588235294,2.0,0.0,0.0,0.0,0.0,0.0,0.0,0.0,16.0,0.0,0.9411764705882352,11.0,2.0,3.0,10.0,6.0,0.0,0.0,0.0,0.0,0.0,0.0,0.0,0.0,0,0,0,0,0,0,0,0,0,0,0,0,0,0,0,0,0,0,0,0,0,1,0,0,1,0,0,1,0,0,0,0,1,0,El Edén,4.0,F,35-50
