,Sitio,Rasgo,Periodo,Sexo,Edad,N° dientes,N° dientes.1,#_dientes_scott,#_alto_scott,#_bajo_scott,Rango Edad,ds_G_0,ds_G_1,ds_G_2,ds_G_3,ds_G_4,ds_G_5,ds_G_6,ds_G_7,ds_G_8,total_#_ds,suma_dientes,mol_G_1,mol_G_2,mol_G_3,mol_G_4,mol_G_5,mol_G_6,mol_G_7,mol_G_8,mol_G_9,mol_D_0,mol_D_1,mol_D_2,mol_D_3,mol_D_4,mol_D_5,mol_D_6,mol_D_7,mol_D_8,mol_D_9,mol_F_0,mol_F_1,mol_F_2,mol_F_3,mol_F_4,mol_F_5,mol_F_6,mol_F_7,mol_F_8,mol_F_9
0,01 Palma Plana  ,Rasgo L-20 (II),4.1,M,24-30,9,1,3.0,0.0,3.0,20-35,1.0,5.0,4.0,0.0,0.0,0.0,0.0,0.0,0.0,10.0,10.0,1.0,7.0,2.0,0.0,0.0,0.0,0.0,0.0,0.0,1.0,0.0,6.0,1.0,0.0,2.0,0.0,0.0,0.0,0.0,1.0,1.0,2.0,0.0,2.0,4.0,0.0,0.0,0.0,0.0
1,02 Palma Torre,Rasgo 05 cuadro 29,4.2,F,16-20,6,2,4.0,0.0,4.0,16-20,4.0,3.0,1.0,0.0,0.0,0.0,0.0,0.0,0.0,8.0,8.0,5.0,2.0,1.0,0.0,0.0,0.0,0.0,0.0,0.0,5.0,2.0,0.0,0.0,0.0,0.0,1.0,0.0,0.0,0.0,5.0,2.0,0.0,0.0,0.0,1.0,0.0,0.0,0.0,0.0
2,09 El Refugio,Salv. 1 Tumba 2 Ind 1,4.2,F,24-30,13,16,11.0,4.0,7.0,20-35,2.0,11.0,9.0,5.0,2.0,0.0,0.0,0.0,0.0,29.0,29.0,0.0,12.0,12.0,0.0,2.0,0.0,0.0,0.0,3.0,0.0,11.0,7.0,3.0,2.0,1.0,0.0,0.0,2.0,3.0,0.0,9.0,9.0,3.0,0.0,2.0,3.0,0.0,0.0,3.0
3,09 El Refugio,Salv. 44 Tumba 2 Ind 1,4.1,F,35-40,1,2,0.0,0.0,0.0,35-50,1.0,1.0,0.0,1.0,0.0,0.0,0.0,0.0,0.0,3.0,3.0,0.0,1.0,1.0,0.0,0.0,0.0,0.0,0.0,1.0,0.0,1.0,0.0,0.0,0.0,1.0,0.0,0.0,0.0,1.0,0.0,1.0,0.0,0.0,0.0,1.0,0.0,0.0,0.0,1.0
4,09 El Refugio,Salv. 44 Tumba 2 Ind 2,4.1,F,40-50,7,6,3.0,3.0,0.0,35-50,2.0,0.0,0.0,2.0,4.0,0.0,2.0,1.0,2.0,13.0,13.0,0.0,0.0,0.0,2.0,4.0,0.0,0.0,5.0,2.0,0.0,0.0,9.0,0.0,0.0,0.0,0.0,1.0,1.0,2.0,0.0,0.0,8.0,0.0,0.0,0.0,3.0,0.0,0.0,2.0
5,09 El Refugio,Salv. 43 Tumba 1 Ind H (2),4.2,F,30-35,7,1,1.0,1.0,0.0,20-35,0.0,0.0,0.0,1.0,0.0,0.0,0.0,5.0,2.0,8.0,8.0,0.0,0.0,0.0,0.0,1.0,0.0,5.0,2.0,0.0,0.0,0.0,8.0,0.0,0.0,0.0,0.0,0.0,0.0,0.0,0.0,0.0,8.0,0.0,0.0,0.0,0.0,0.0,0.0,0.0
6,09 El Refugio,Salv. 43 Tumba 1 Ind M (1),4.2,M,30-35,4,13,3.0,3.0,0.0,20-35,3.0,2.0,0.0,0.0,7.0,3.0,1.0,1.0,0.0,17.0,17.0,2.0,0.0,1.0,5.0,4.0,1.0,1.0,0.0,3.0,2.0,1.0,5.0,2.0,1.0,1.0,0.0,2.0,0.0,3.0,2.0,1.0,4.0,2.0,2.0,1.0,2.0,0.0,0.0,3.0
7,09 El Refugio,Salv. 45 Tumba 3 Ind 1,4.2,M,35-40,5,11,5.0,2.0,3.0,35-50,0.0,3.0,0.0,2.0,9.0,2.0,0.0,0.0,0.0,16.0,16.0,1.0,3.0,4.0,6.0,2.0,0.0,0.0,0.0,0.0,1.0,1.0,10.0,1.0,0.0,0.0,0.0,2.0,0.0,1.0,1.0,1.0,10.0,1.0,0.0,0.0,2.0,0.0,0.0,1.0
8,11 El Mirador,Rasgo F-18,4.1,F,24-30,4,8,6.0,4.0,2.0,20-35,2.0,2.0,1.0,5.0,2.0,0.0,0.0,0.0,0.0,12.0,12.0,0.0,3.0,6.0,0.0,1.0,0.0,0.0,0.0,2.0,0.0,2.0,1.0,0.0,2.0,3.0,0.0,1.0,1.0,2.0,0.0,2.0,1.0,1.0,1.0,3.0,2.0,0.0,0.0,2.0
9,11 El Mirador,Rasgo E-12 Ind 1,3.0,M,20-24,6,5,5.0,4.0,1.0,20-35,1.0,4.0,2.0,4.0,0.0,0.0,0.0,0.0,0.0,11.0,11.0,0.0,6.0,3.0,0.0,0.0,0.0,0.0,0.0,2.0,0.0,5.0,0.0,0.0,3.0,0.0,0.0,1.0,0.0,2.0,0.0,5.0,0.0,0.0,3.0,0.0,1.0,0.0,0.0,2.0
10,11 El Mirador,Rasgo E-12 Ind 2,3.0,F,20-24,6,3,5.0,2.0,3.0,20-35,1.0,5.0,2.0,1.0,0.0,0.0,0.0,0.0,0.0,9.0,9.0,0.0,5.0,3.0,0.0,0.0,0.0,0.0,0.0,1.0,0.0,5.0,2.0,0.0,1.0,0.0,0.0,0.0,0.0,1.0,0.0,5.0,2.0,0.0,1.0,0.0,0.0,0.0,0.0,1.0
11,12 Torre de Energía,Rasgo F3-67 Ind 1,4.2,F,20-24,8,7,8.0,4.0,4.0,20-35,1.0,7.0,2.0,5.0,0.0,0.0,0.0,0.0,0.0,15.0,15.0,0.0,8.0,5.0,1.0,0.0,0.0,0.0,0.0,1.0,0.0,9.0,1.0,3.0,1.0,0.0,0.0,0.0,0.0,1.0,0.0,9.0,1.0,3.0,1.0,0.0,0.0,0.0,0.0,1.0
12,12 Torre de Energía,Rasgo F3-67 Ind 2,4.2,F,30-35,10,10,8.0,7.0,1.0,20-35,0.0,0.0,0.0,7.0,8.0,5.0,0.0,0.0,0.0,20.0,20.0,0.0,0.0,14.0,3.0,3.0,0.0,0.0,0.0,0.0,0.0,5.0,4.0,4.0,2.0,2.0,0.0,0.0,2.0,1.0,0.0,5.0,4.0,5.0,1.0,2.0,2.0,0.0,0.0,1.0
13,12 Torre de Energía,Rasgo F3-67 Ind 3,4.2,M,16-20,10,16,8.0,3.0,5.0,16-20,3.0,4.0,14.0,4.0,1.0,0.0,0.0,0.0,0.0,26.0,26.0,3.0,8.0,9.0,1.0,3.0,0.0,0.0,0.0,2.0,3.0,14.0,0.0,3.0,0.0,0.0,0.0,3.0,1.0,2.0,3.0,14.0,0.0,2.0,1.0,3.0,1.0,0.0,0.0,2.0
14,12 Torre de Energía,Rasgo F3-67 Ind 4,4.2,F,30-35,4,3,3.0,3.0,0.0,20-35,0.0,0.0,0.0,0.0,5.0,1.0,0.0,1.0,0.0,7.0,7.0,0.0,0.0,1.0,1.0,4.0,0.0,1.0,0.0,0.0,0.0,0.0,1.0,2.0,0.0,0.0,3.0,0.0,0.0,1.0,0.0,0.0,1.0,2.0,0.0,3.0,0.0,0.0,0.0,1.0
15,12 Torre de Energía,Rasgo A3-26,4.2,F,35-40,8,10,1.0,0.0,1.0,35-50,0.0,1.0,1.0,1.0,7.0,4.0,2.0,2.0,0.0,18.0,18.0,1.0,0.0,0.0,5.0,10.0,0.0,2.0,0.0,0.0,1.0,0.0,5.0,5.0,2.0,0.0,3.0,0.0,2.0,0.0,1.0,0.0,2.0,4.0,5.0,4.0,2.0,0.0,0.0,0.0
16,12 Torre de Energía (S.T),Rasgo 8.1,4.1,F,16-20,7,12,6.0,1.0,5.0,16-20,1.0,13.0,5.0,0.0,0.0,0.0,0.0,0.0,0.0,19.0,19.0,0.0,14.0,4.0,0.0,0.0,0.0,0.0,0.0,1.0,0.0,10.0,5.0,1.0,0.0,0.0,0.0,0.0,2.0,1.0,0.0,10.0,5.0,1.0,0.0,1.0,1.0,0.0,0.0,1.0
17,12 Torre de Energía,Rasgo I5-80 Ind 1,4.2,M,35-40,4,9,7.0,5.0,2.0,35-50,0.0,2.0,1.0,1.0,5.0,2.0,1.0,1.0,0.0,13.0,13.0,2.0,1.0,4.0,1.0,3.0,2.0,0.0,0.0,0.0,0.0,2.0,3.0,1.0,0.0,2.0,1.0,0.0,2.0,2.0,0.0,2.0,2.0,0.0,2.0,4.0,1.0,0.0,0.0,2.0
18,12 Torre de Energía,Rasgo I5-80 Ind 2,4.2,F,35-40,4,4,3.0,3.0,0.0,35-50,0.0,1.0,2.0,2.0,2.0,1.0,0.0,0.0,0.0,8.0,8.0,0.0,0.0,4.0,0.0,2.0,1.0,0.0,0.0,1.0,0.0,0.0,3.0,0.0,0.0,1.0,0.0,2.0,1.0,1.0,0.0,0.0,3.0,0.0,0.0,3.0,1.0,0.0,0.0,1.0
19,21 Selva Ventiaderos,Rasgo G-47,4.1,F,30-35,1,6,4.0,3.0,1.0,20-35,1.0,0.0,0.0,0.0,2.0,4.0,0.0,0.0,0.0,7.0,7.0,0.0,1.0,0.0,1.0,4.0,0.0,0.0,0.0,1.0,0.0,0.0,2.0,3.0,0.0,0.0,0.0,1.0,0.0,1.0,0.0,0.0,2.0,3.0,0.0,0.0,1.0,0.0,0.0,1.0
20,21 Selva Ventiaderos,Rasgo D-13,4.1,F,16-20,2,6,5.0,2.0,3.0,16-20,2.0,3.0,3.0,0.0,0.0,0.0,0.0,0.0,0.0,8.0,8.0,0.0,3.0,3.0,0.0,0.0,0.0,0.0,0.0,2.0,0.0,0.0,2.0,1.0,0.0,0.0,0.0,1.0,2.0,2.0,0.0,0.0,0.0,3.0,0.0,3.0,0.0,0.0,0.0,2.0
21,22 Selva Bamba,Rasgo D-40,4.2,F,20-24,12,0,3.0,2.0,1.0,20-35,0.0,0.0,1.0,4.0,7.0,0.0,0.0,0.0,0.0,12.0,12.0,0.0,1.0,2.0,8.0,1.0,0.0,0.0,0.0,0.0,0.0,0.0,0.0,0.0,0.0,3.0,8.0,0.0,1.0,0.0,0.0,0.0,1.0,0.0,1.0,5.0,5.0,0.0,0.0,0.0
22,37 Primavera El placer,Rasgo B4-48 Ind 1,3.0,F,16-20,9,10,6.0,0.0,6.0,16-20,3.0,11.0,5.0,0.0,0.0,0.0,0.0,0.0,0.0,19.0,19.0,3.0,10.0,5.0,0.0,0.0,0.0,0.0,0.0,1.0,3.0,7.0,2.0,0.0,0.0,0.0,0.0,5.0,1.0,1.0,3.0,7.0,2.0,0.0,0.0,0.0,6.0,0.0,0.0,1.0
23,37 Primavera El placer,Rasgo B4-48 Ind 2,3.0,F,30-35,7,9,3.0,1.0,2.0,20-35,7.0,2.0,2.0,4.0,1.0,0.0,0.0,0.0,0.0,16.0,16.0,0.0,1.0,5.0,0.0,1.0,0.0,0.0,0.0,9.0,0.0,0.0,2.0,0.0,0.0,0.0,0.0,1.0,4.0,9.0,0.0,0.0,1.0,1.0,0.0,4.0,1.0,0.0,0.0,9.0
24,38 El Recreo Tórtola,Rasgo E2-22 Ind 1,4.2,M,24-30,6,2,2.0,2.0,0.0,20-35,1.0,0.0,1.0,4.0,1.0,1.0,0.0,0.0,0.0,8.0,8.0,0.0,0.0,3.0,1.0,2.0,1.0,0.0,0.0,1.0,0.0,1.0,0.0,0.0,0.0,1.0,1.0,1.0,3.0,1.0,0.0,1.0,0.0,0.0,0.0,4.0,2.0,0.0,0.0,1.0
25,38 El Recreo Tórtola,Rasgo E2-22 Ind 2,4.2,F,20-24,15,0,6.0,0.0,6.0,20-35,1.0,9.0,4.0,1.0,0.0,0.0,0.0,0.0,0.0,15.0,15.0,1.0,8.0,4.0,1.0,0.0,0.0,0.0,0.0,1.0,1.0,1.0,1.0,1.0,0.0,4.0,1.0,2.0,3.0,1.0,1.0,1.0,1.0,2.0,0.0,8.0,1.0,0.0,0.0,1.0
26,41 El Vergel los Búfalos,Corte C-5 Rasgo B5-3,4.2,F,35-40,6,9,0.0,0.0,0.0,35-50,1.0,0.0,1.0,3.0,9.0,0.0,0.0,0.0,1.0,15.0,15.0,0.0,0.0,3.0,2.0,8.0,0.0,0.0,1.0,1.0,0.0,0.0,4.0,2.0,1.0,1.0,0.0,1.0,4.0,2.0,0.0,0.0,3.0,4.0,1.0,3.0,2.0,0.0,0.0,2.0
27,41 El Vergel los Búfalos,Rasgo E3-9,4.2,M,40-50,10,14,1.0,1.0,0.0,35-50,3.0,0.0,0.0,0.0,6.0,7.0,1.0,6.0,1.0,24.0,24.0,0.0,0.0,0.0,0.0,9.0,5.0,6.0,0.0,4.0,0.0,0.0,4.0,5.0,3.0,0.0,0.0,6.0,2.0,4.0,0.0,0.0,4.0,10.0,5.0,1.0,0.0,0.0,0.0,4.0
28,41 El Vergel los Búfalos,Rasgo C1-10 Ind 1,4.2,I,24-30,14,10,8.0,5.0,3.0,20-35,3.0,1.0,6.0,13.0,1.0,0.0,0.0,0.0,0.0,24.0,24.0,1.0,2.0,8.0,6.0,2.0,0.0,0.0,0.0,5.0,0.0,1.0,5.0,0.0,0.0,1.0,0.0,7.0,4.0,6.0,0.0,1.0,5.0,0.0,0.0,6.0,5.0,1.0,0.0,6.0
29,60 Torre Baja,Rasgo 21 Ind 1,4.1,M,24-30,2,5,1.0,1.0,0.0,20-35,2.0,0.0,2.0,3.0,0.0,0.0,0.0,0.0,0.0,7.0,7.0,0.0,1.0,3.0,1.0,0.0,0.0,0.0,0.0,2.0,0.0,0.0,0.0,1.0,0.0,1.0,0.0,1.0,2.0,2.0,0.0,0.0,0.0,1.0,0.0,4.0,0.0,0.0,0.0,2.0
30,60 Torre Baja,"Rasgo 03, Ind 2",4.1,M,30-35,9,13,9.0,3.0,6.0,20-35,1.0,8.0,6.0,6.0,1.0,0.0,0.0,0.0,0.0,22.0,22.0,0.0,9.0,5.0,5.0,1.0,0.0,0.0,0.0,2.0,0.0,3.0,1.0,2.0,0.0,4.0,0.0,7.0,2.0,3.0,0.0,3.0,1.0,2.0,1.0,7.0,4.0,0.0,0.0,4.0
31,60 Torre Baja,"Rasgo 05, Ind 1",4.2,F,35-40,14,15,10.0,8.0,2.0,35-50,0.0,3.0,17.0,7.0,1.0,1.0,0.0,0.0,0.0,29.0,29.0,0.0,7.0,13.0,8.0,1.0,0.0,0.0,0.0,0.0,0.0,1.0,5.0,8.0,3.0,3.0,0.0,6.0,3.0,0.0,0.0,1.0,2.0,7.0,1.0,12.0,6.0,0.0,0.0,0.0
32,60 Torre Baja,"Rasgo 05, Ind 2",4.2,M,35-40,7,16,9.0,9.0,0.0,35-50,0.0,0.0,2.0,8.0,3.0,6.0,4.0,0.0,0.0,23.0,23.0,0.0,0.0,9.0,5.0,3.0,5.0,1.0,0.0,0.0,0.0,0.0,8.0,13.0,0.0,1.0,0.0,0.0,1.0,0.0,0.0,0.0,7.0,2.0,0.0,8.0,6.0,0.0,0.0,0.0
33,63 El Filo,Rasgo A3-17 Ind 1,4.1,M,16-20,5,6,10.0,0.0,10.0,16-20,0.0,11.0,0.0,0.0,0.0,0.0,0.0,0.0,0.0,11.0,11.0,1.0,10.0,0.0,0.0,0.0,0.0,0.0,0.0,0.0,0.0,4.0,0.0,4.0,0.0,0.0,0.0,2.0,0.0,1.0,0.0,4.0,0.0,2.0,0.0,4.0,0.0,0.0,0.0,1.0
34,63 El Filo ,Rasgo A3-17 Ind 2,4.1,F,16-20,6,0,3.0,1.0,2.0,16-20,0.0,4.0,1.0,1.0,0.0,0.0,0.0,0.0,0.0,6.0,6.0,0.0,3.0,2.0,0.0,0.0,0.0,0.0,0.0,1.0,0.0,1.0,4.0,0.0,0.0,0.0,0.0,0.0,0.0,1.0,0.0,1.0,0.0,0.0,3.0,1.0,0.0,0.0,0.0,1.0
35,65 Piscina Primavera ,Tumba E8,2.0,M,20-24,6,5,6.0,2.0,4.0,20-35,1.0,6.0,0.0,4.0,0.0,0.0,0.0,0.0,0.0,11.0,11.0,0.0,6.0,4.0,0.0,0.0,0.0,0.0,0.0,1.0,0.0,3.0,1.0,2.0,0.0,1.0,0.0,0.0,3.0,1.0,0.0,3.0,1.0,2.0,0.0,3.0,1.0,0.0,0.0,1.0
36,65 Piscina Primavera ,"Rasgo G5, Tumba F-23",4.2,F,30-35,7,0,1.0,1.0,0.0,20-35,1.0,1.0,0.0,2.0,3.0,0.0,0.0,0.0,0.0,7.0,7.0,0.0,0.0,1.0,4.0,1.0,0.0,0.0,0.0,1.0,0.0,0.0,2.0,0.0,2.0,0.0,0.0,2.0,0.0,1.0,0.0,0.0,0.0,1.0,0.0,5.0,0.0,0.0,0.0,1.0
37,78 La Lengüeta,Rasgo F-12 Ind 1,2.0,F,20-24,12,11,11.0,4.0,7.0,20-35,0.0,11.0,7.0,4.0,0.0,0.0,0.0,0.0,0.0,22.0,23.0,0.0,13.0,7.0,2.0,0.0,0.0,0.0,0.0,1.0,0.0,6.0,5.0,3.0,0.0,1.0,0.0,4.0,3.0,1.0,0.0,6.0,4.0,2.0,0.0,4.0,6.0,0.0,0.0,1.0
38,78 La Lengüeta,Rasgo F-12 Ind 2,2.0,M,30-35,0,9,2.0,2.0,0.0,20-35,0.0,0.0,0.0,5.0,2.0,2.0,0.0,0.0,0.0,9.0,9.0,0.0,0.0,4.0,3.0,2.0,0.0,0.0,0.0,0.0,0.0,0.0,5.0,2.0,0.0,0.0,0.0,0.0,2.0,0.0,0.0,0.0,4.0,3.0,0.0,1.0,1.0,0.0,0.0,0.0
39,78 La Lengüeta,Rasgo L 41-2,4.2,M,>50,0,13,3.0,3.0,0.0,>50,0.0,0.0,0.0,0.0,3.0,4.0,0.0,5.0,1.0,13.0,13.0,0.0,0.0,0.0,2.0,1.0,3.0,6.0,1.0,0.0,0.0,0.0,0.0,10.0,0.0,0.0,0.0,0.0,0.0,3.0,0.0,0.0,3.0,3.0,3.0,1.0,0.0,0.0,0.0,3.0
40,89 La Isabela,Rasgo B4-22,4.1,F,40-45,3,3,1.0,1.0,0.0,>50,0.0,0.0,0.0,0.0,0.0,2.0,2.0,0.0,2.0,6.0,6.0,0.0,0.0,0.0,0.0,2.0,2.0,0.0,2.0,0.0,0.0,0.0,3.0,1.0,0.0,1.0,0.0,0.0,1.0,0.0,0.0,0.0,2.0,0.0,3.0,0.0,1.0,0.0,0.0,0.0
41,89 La Isabela,Rasgo C-15,4.2,I,>50,0,4,1.0,1.0,0.0,>50,0.0,0.0,0.0,0.0,0.0,0.0,3.0,1.0,0.0,4.0,4.0,0.0,0.0,0.0,0.0,1.0,2.0,0.0,1.0,0.0,0.0,0.0,2.0,2.0,0.0,0.0,0.0,0.0,0.0,0.0,0.0,0.0,1.0,1.0,0.0,1.0,1.0,0.0,0.0,0.0
42,89 La Isabela (Salv.),Monit. 135 Salv. 1 Ind 1,4.2,I,16-20,12,11,8.0,0.0,8.0,16-20,6.0,11.0,6.0,0.0,0.0,0.0,0.0,0.0,0.0,23.0,23.0,7.0,16.0,0.0,0.0,0.0,0.0,0.0,0.0,0.0,7.0,12.0,2.0,0.0,0.0,2.0,0.0,0.0,0.0,0.0,7.0,12.0,2.0,0.0,0.0,2.0,0.0,0.0,0.0,0.0
43,89 La Isabela (Salv.),Monit. 135 Salv. 1 Ind 2,4.2,M,45-50,0,6,0.0,0.0,0.0,>50,0.0,0.0,0.0,0.0,0.0,0.0,6.0,0.0,0.0,6.0,6.0,0.0,0.0,0.0,0.0,0.0,4.0,2.0,0.0,0.0,0.0,0.0,6.0,0.0,0.0,0.0,0.0,0.0,0.0,0.0,0.0,0.0,6.0,0.0,0.0,0.0,0.0,0.0,0.0,0.0
44,93 La Nada ,Rasgo J-70 Ind 1,4.1,M,30-35,7,7,2.0,1.0,1.0,20-35,1.0,2.0,0.0,0.0,9.0,2.0,0.0,0.0,0.0,14.0,14.0,0.0,2.0,0.0,7.0,2.0,2.0,0.0,0.0,1.0,0.0,0.0,7.0,2.0,2.0,1.0,0.0,0.0,1.0,1.0,0.0,0.0,4.0,0.0,2.0,6.0,1.0,0.0,0.0,1.0
45,93 La Nada ,Rasgo J-70 Ind 2,4.1,F,30-35,5,10,5.0,4.0,1.0,20-35,0.0,0.0,1.0,0.0,3.0,1.0,4.0,3.0,3.0,15.0,15.0,0.0,1.0,1.0,3.0,3.0,0.0,4.0,3.0,0.0,0.0,1.0,5.0,6.0,0.0,0.0,0.0,1.0,0.0,2.0,0.0,1.0,0.0,1.0,6.0,3.0,2.0,0.0,0.0,2.0
46,93 La Nada,Rasgo N-62 Ind 2,4.2,F,35-40,2,1,0.0,0.0,0.0,35-50,2.0,0.0,0.0,0.0,1.0,0.0,0.0,0.0,0.0,3.0,3.0,0.0,0.0,0.0,1.0,0.0,0.0,0.0,0.0,2.0,0.0,0.0,1.0,0.0,0.0,0.0,0.0,0.0,0.0,2.0,0.0,0.0,1.0,0.0,0.0,0.0,0.0,0.0,0.0,2.0
47,93 La Nada,Rasgo N-67 Ind 1,4.0,I,24-30,9,3,6.0,4.0,2.0,20-35,0.0,2.0,3.0,7.0,0.0,0.0,0.0,0.0,0.0,12.0,12.0,0.0,2.0,9.0,1.0,0.0,0.0,0.0,0.0,0.0,0.0,1.0,6.0,1.0,0.0,4.0,0.0,0.0,0.0,0.0,0.0,1.0,2.0,3.0,0.0,5.0,1.0,0.0,0.0,0.0
48,93 La Nada,Rasgo N-67 Ind 3,4.0,M,24-30,0,11,3.0,1.0,2.0,20-35,4.0,1.0,3.0,3.0,0.0,0.0,0.0,0.0,0.0,11.0,11.0,0.0,1.0,6.0,0.0,0.0,0.0,0.0,0.0,4.0,0.0,3.0,1.0,1.0,2.0,0.0,0.0,0.0,0.0,4.0,0.0,3.0,1.0,0.0,0.0,2.0,1.0,0.0,0.0,4.0
49,93 La Nada,"Rasgo O1-67, Ind 1",4.1,I,24-30,16,10,7.0,7.0,0.0,20-35,4.0,6.0,9.0,7.0,0.0,0.0,0.0,0.0,0.0,26.0,26.0,0.0,7.0,12.0,3.0,0.0,0.0,0.0,0.0,4.0,0.0,1.0,11.0,4.0,0.0,0.0,0.0,5.0,1.0,4.0,0.0,1.0,8.0,0.0,0.0,8.0,5.0,0.0,0.0,4.0
50,93 La Nada,"Rasgo O1-67, Ind 2",4.1,F,24-30,1,4,0.0,0.0,0.0,20-35,0.0,0.0,1.0,2.0,1.0,0.0,0.0,0.0,1.0,5.0,5.0,0.0,0.0,3.0,0.0,1.0,0.0,0.0,1.0,0.0,0.0,0.0,0.0,1.0,0.0,0.0,0.0,1.0,3.0,0.0,0.0,0.0,0.0,0.0,1.0,1.0,3.0,0.0,0.0,0.0
51,102 La Esperanza Sorpresa,Rasgo K4-48,4.1,F,16-20,6,6,6.0,0.0,6.0,16-20,0.0,12.0,0.0,0.0,0.0,0.0,0.0,0.0,0.0,12.0,12.0,0.0,12.0,0.0,0.0,0.0,0.0,0.0,0.0,0.0,0.0,10.0,0.0,2.0,0.0,0.0,0.0,0.0,0.0,0.0,0.0,10.0,0.0,1.0,0.0,1.0,0.0,0.0,0.0,0.0
52,El Edén,Rasgo 1,4.0,I,16-20,13,13,11.0,3.0,8.0,16-20,9.0,14.0,2.0,1.0,0.0,0.0,0.0,0.0,0.0,26.0,26.0,3.0,11.0,5.0,0.0,0.0,0.0,0.0,0.0,7.0,3.0,9.0,1.0,3.0,0.0,0.0,0.0,2.0,1.0,7.0,3.0,9.0,0.0,2.0,0.0,4.0,1.0,0.0,0.0,7.0
53,El Edén,"Salvamento 2, Ind 1",4.0,I,20-24,8,10,5.0,3.0,2.0,20-35,2.0,2.0,6.0,5.0,3.0,0.0,0.0,0.0,0.0,18.0,18.0,0.0,2.0,11.0,3.0,0.0,0.0,0.0,0.0,2.0,0.0,1.0,8.0,1.0,3.0,2.0,0.0,0.0,1.0,2.0,0.0,1.0,4.0,0.0,0.0,11.0,0.0,0.0,0.0,2.0
54,El Edén,"Salvamento 2, Ind 2",4.0,M,24-30,10,9,8.0,7.0,1.0,20-35,1.0,1.0,1.0,11.0,5.0,0.0,0.0,0.0,0.0,19.0,19.0,0.0,1.0,12.0,5.0,0.0,0.0,0.0,0.0,1.0,0.0,0.0,6.0,7.0,4.0,1.0,0.0,0.0,0.0,1.0,0.0,0.0,3.0,1.0,0.0,14.0,0.0,0.0,0.0,1.0
55,El Edén,"Rasgo 20, Ind 1",4.0,M,>50,11,12,4.0,4.0,0.0,>50,0.0,0.0,0.0,3.0,5.0,12.0,2.0,1.0,0.0,23.0,23.0,0.0,0.0,4.0,1.0,14.0,3.0,1.0,0.0,0.0,0.0,0.0,9.0,6.0,4.0,0.0,1.0,2.0,1.0,0.0,0.0,0.0,10.0,2.0,0.0,7.0,4.0,0.0,0.0,0.0
56,El Edén,"Rasgo 20, Ind 2",4.0,F,16-20,14,11,10.0,4.0,6.0,16-20,2.0,17.0,6.0,0.0,0.0,0.0,0.0,0.0,0.0,25.0,25.0,3.0,16.0,6.0,0.0,0.0,0.0,0.0,0.0,0.0,3.0,13.0,1.0,4.0,0.0,1.0,0.0,3.0,0.0,0.0,3.0,13.0,0.0,4.0,0.0,2.0,3.0,0.0,0.0,0.0
57,El Edén,"Rasgo 28, Ind 1",4.0,F,35-40,2,5,1.0,1.0,0.0,35-50,1.0,0.0,0.0,2.0,0.0,4.0,0.0,0.0,0.0,7.0,7.0,0.0,0.0,2.0,0.0,4.0,0.0,0.0,0.0,1.0,0.0,0.0,1.0,0.0,1.0,0.0,0.0,4.0,0.0,1.0,0.0,0.0,1.0,0.0,0.0,3.0,2.0,0.0,0.0,1.0
58,El Edén,"Rasgo 28, Ind 2",4.0,F,24-30,12,15,10.0,6.0,4.0,20-35,3.0,6.0,4.0,11.0,3.0,0.0,0.0,0.0,0.0,27.0,27.0,1.0,9.0,8.0,7.0,0.0,0.0,0.0,0.0,2.0,1.0,2.0,7.0,4.0,0.0,1.0,0.0,5.0,5.0,2.0,1.0,2.0,5.0,0.0,0.0,4.0,13.0,0.0,0.0,2.0
59,El Edén,"Rasgo 28, Ind 3",4.0,M,>50,0,1,0.0,0.0,0.0,>50,0.0,0.0,0.0,0.0,0.0,0.0,1.0,0.0,0.0,1.0,1.0,0.0,0.0,0.0,0.0,0.0,1.0,0.0,0.0,0.0,0.0,0.0,0.0,1.0,0.0,0.0,0.0,0.0,0.0,0.0,0.0,0.0,0.0,0.0,0.0,1.0,0.0,0.0,0.0,0.0
60,El Edén,"Rasgo 29, Ind 1",4.0,M,40-50,10,14,4.0,4.0,0.0,35-50,1.0,0.0,0.0,1.0,2.0,10.0,7.0,0.0,3.0,24.0,24.0,0.0,0.0,0.0,5.0,13.0,2.0,0.0,3.0,1.0,0.0,0.0,10.0,4.0,2.0,2.0,2.0,0.0,1.0,3.0,0.0,0.0,1.0,2.0,2.0,15.0,1.0,0.0,0.0,3.0
61,El Edén,"Rasgo 29, Ind 2",4.0,F,35-40,7,10,5.0,4.0,1.0,35-50,1.0,0.0,5.0,2.0,9.0,0.0,0.0,0.0,0.0,17.0,17.0,0.0,0.0,7.0,9.0,0.0,0.0,0.0,0.0,1.0,0.0,0.0,4.0,2.0,5.0,2.0,0.0,0.0,3.0,1.0,0.0,0.0,2.0,0.0,0.0,10.0,4.0,0.0,0.0,1.0
