,Sitio,Rasgo,Periodo,Sexo,Edad,N° dientes,N° dientes,suma_dientes,mol_G_1,mol_G_2,mol_G_3,mol_G_4,mol_G_5,mol_G_6,mol_G_7,mol_G_8,mol_G_9,mol_D_0,mol_D_1,mol_D_2,mol_D_3,mol_D_4,mol_D_5,mol_D_6,mol_D_7,mol_D_8,mol_D_9,mol_F_0,mol_F_1,mol_F_2,mol_F_3,mol_F_4,mol_F_5,mol_F_6,mol_F_7,mol_F_8,mol_F_9
,Unnamed: 0_level_1,Unnamed: 2_level_1,Unnamed: 3_level_1,Unnamed: 4_level_1,Unnamed: 5_level_1,Unnamed: 6_level_1,Unnamed: 7_level_1,,,,,,,,,,,,,,,,,,,,,,,,,,,,,,
,Unnamed: 0_level_2,Unnamed: 2_level_2,Unnamed: 3_level_2,Unnamed: 4_level_2,Unnamed: 5_level_2,Unnamed: 6_level_2,Unnamed: 7_level_2,,,,,,,,,,,,,,,,,,,,,,,,,,,,,,
,Unnamed: 0_level_3,Unnamed: 2_level_3,Unnamed: 3_level_3,Unnamed: 4_level_3,Unnamed: 5_level_3,Maxilar,Mandíbula,,,,,,,,,,,,,,,,,,,,,,,,,,,,,,
0,01 Palma Plana  ,Rasgo L-20 (II),4.1,M,24-30,9,1,10,1,7,2,0,0,0,0,0,0,1,0,6,1,0,2,0,0,0,0,1,1,2,0,2,4,0,0,0,0
1,02 Palma Torre,B-5 Tumba 2,4.2,F,20-24,11,4,15,1,5,5,2,0,0,0,0,2,1,4,7,0,1,0,0,0,0,2,1,6,2,1,0,1,2,0,0,2
2,02 Palma Torre,Rasgo 05 cuadro 29,4.2,F,16-20,6,2,8,5,2,1,0,0,0,0,0,0,5,2,0,0,0,0,1,0,0,0,5,2,0,0,0,1,0,0,0,0
3,09 El Refugio,Salv. 1 Tumba 2 Ind 1,4.2,F,24-30,13,16,29,0,12,12,0,2,0,0,0,3,0,11,7,3,2,1,0,0,2,3,0,9,9,3,0,2,3,0,0,3
4,09 El Refugio,Salv. 44 Tumba 2 Ind 1,4.1,F,35-40,1,2,3,0,1,1,0,0,0,0,0,1,0,1,0,0,0,1,0,0,0,1,0,1,0,0,0,1,0,0,0,1
5,09 El Refugio,Salv. 44 Tumba 2 Ind 2,4.1,F,40-50,7,6,13,0,0,0,2,4,0,0,5,2,0,0,9,0,0,0,0,1,1,2,0,0,8,0,0,0,3,0,0,2
6,09 El Refugio,Salv. 43 Tumba 1 Ind H (2),4.2,F,30-35,7,1,8,0,0,0,0,1,0,5,2,0,0,0,8,0,0,0,0,0,0,0,0,0,8,0,0,0,0,0,0,0
7,09 El Refugio,Salv. 43 Tumba 1 Ind M (1),4.2,M,30-35,4,13,17,2,0,1,5,4,1,1,0,3,2,1,5,2,1,1,0,2,0,3,2,1,4,2,2,1,2,0,0,3
8,09 El Refugio,Salv. 45 Tumba 3 Ind 1,4.2,M,35-40,5,11,16,1,3,4,6,2,0,0,0,0,1,1,10,1,0,0,0,2,0,1,1,1,10,1,0,0,2,0,0,1
9,11 El Mirador,Rasgo F-18,4.1,F,24-30,4,8,12,0,3,6,0,1,0,0,0,2,0,2,1,0,2,3,0,1,1,2,0,2,1,1,1,3,2,0,0,2
10,11 El Mirador,Rasgo E-12 Ind 1,3.0,M,20-24,6,5,11,0,6,3,0,0,0,0,0,2,0,5,0,0,3,0,0,1,0,2,0,5,0,0,3,0,1,0,0,2
11,11 El Mirador,Rasgo E-12 Ind 2,3.0,F,20-24,6,3,9,0,5,3,0,0,0,0,0,1,0,5,2,0,1,0,0,0,0,1,0,5,2,0,1,0,0,0,0,1
12,12 Torre de Energía,Rasgo F3-67 Ind 1,4.2,F,20-24,8,7,15,0,8,5,1,0,0,0,0,1,0,9,1,3,1,0,0,0,0,1,0,9,1,3,1,0,0,0,0,1
13,12 Torre de Energía,Rasgo F3-67 Ind 2,4.2,F,30-35,10,10,20,0,0,14,3,3,0,0,0,0,0,5,4,4,2,2,0,0,2,1,0,5,4,5,1,2,2,0,0,1
14,12 Torre de Energía,Rasgo F3-67 Ind 3,4.2,M,16-20,10,16,26,3,8,9,1,3,0,0,0,2,3,14,0,3,0,0,0,3,1,2,3,14,0,2,1,3,1,0,0,2
15,12 Torre de Energía,Rasgo F3-67 Ind 4,4.2,F,30-35,4,3,7,0,0,1,1,4,0,1,0,0,0,0,1,2,0,0,3,0,0,1,0,0,1,2,0,3,0,0,0,1
16,12 Torre de Energía,Rasgo A3-26,4.2,F,35-40,8,10,18,1,0,0,5,10,0,2,0,0,1,0,5,5,2,0,3,0,2,0,1,0,2,4,5,4,2,0,0,0
17,12 Torre de Energía (S.T),Rasgo 8.1,4.1,F,16-20,7,12,19,0,14,4,0,0,0,0,0,1,0,10,5,1,0,0,0,0,2,1,0,10,5,1,0,1,1,0,0,1
18,12 Torre de Energía,Rasgo I5-80 Ind 1,4.2,M,35-40,4,9,13,2,1,4,1,3,2,0,0,0,0,2,3,1,0,2,1,0,2,2,0,2,2,0,2,4,1,0,0,2
19,12 Torre de Energía,Rasgo I5-80 Ind 2,4.2,F,35-40,4,4,8,0,0,4,0,2,1,0,0,1,0,0,3,0,0,1,0,2,1,1,0,0,3,0,0,3,1,0,0,1
20,21 Selva Ventiaderos,Rasgo G-47,4.1,F,30-35,1,6,7,0,1,0,1,4,0,0,0,1,0,0,2,3,0,0,0,1,0,1,0,0,2,3,0,0,1,0,0,1
21,21 Selva Ventiaderos,Rasgo D-13,4.1,F,16-20,2,6,8,0,3,3,0,0,0,0,0,2,0,0,2,1,0,0,0,1,2,2,0,0,0,3,0,3,0,0,0,2
22,22 Selva Bamba,Rasgo D-40,4.2,F,20-24,12,0,12,0,1,2,8,1,0,0,0,0,0,0,0,0,0,3,8,0,1,0,0,0,1,0,1,5,5,0,0,0
23,37 Primavera El placer,Rasgo B4-48 Ind 1,3.0,F,16-20,9,10,19,3,10,5,0,0,0,0,0,1,3,7,2,0,0,0,0,5,1,1,3,7,2,0,0,0,6,0,0,1
24,37 Primavera El placer,Rasgo B4-48 Ind 2,3.0,F,30-35,7,9,16,0,1,5,0,1,0,0,0,9,0,0,2,0,0,0,0,1,4,9,0,0,1,1,0,4,1,0,0,9
25,38 El Recreo Tórtola,Rasgo E2-22 Ind 1,4.2,M,24-30,6,2,8,0,0,3,1,2,1,0,0,1,0,1,0,0,0,1,1,1,3,1,0,1,0,0,0,4,2,0,0,1
26,38 El Recreo Tórtola,Rasgo E2-22 Ind 2,4.2,F,20-24,15,0,15,1,8,4,1,0,0,0,0,1,1,1,1,1,0,4,1,2,3,1,1,1,1,2,0,8,1,0,0,1
27,41 El Vergel los Búfalos,Corte C-5 Rasgo B5-3,4.2,F,35-40,6,9,15,0,0,3,2,8,0,0,1,1,0,0,4,2,1,1,0,1,4,2,0,0,3,4,1,3,2,0,0,2
28,41 El Vergel los Búfalos,Rasgo E3-9,4.2,M,40-50,10,14,24,0,0,0,0,9,5,6,0,4,0,0,4,5,3,0,0,6,2,4,0,0,4,10,5,1,0,0,0,4
29,41 El Vergel los Búfalos,Rasgo C1-10 Ind 1,4.2,I,24-30,14,10,24,1,2,8,6,2,0,0,0,5,0,1,5,0,0,1,0,7,4,6,0,1,5,0,0,6,5,1,0,6
30,60 Torre Baja,Rasgo 21 Ind 1,4.1,M,24-30,2,5,7,0,1,3,1,0,0,0,0,2,0,0,0,1,0,1,0,1,2,2,0,0,0,1,0,4,0,0,0,2
31,60 Torre Baja,"Rasgo 03, Ind 2",4.1,M,30-35,9,13,22,0,9,5,5,1,0,0,0,2,0,3,1,2,0,4,0,7,2,3,0,3,1,2,1,7,4,0,0,4
32,60 Torre Baja,"Rasgo 05, Ind 1",4.2,F,35-40,14,15,29,0,7,13,8,1,0,0,0,0,0,1,5,8,3,3,0,6,3,0,0,1,2,7,1,12,6,0,0,0
33,60 Torre Baja,"Rasgo 05, Ind 2",4.2,M,35-40,7,16,23,0,0,9,5,3,5,1,0,0,0,0,8,13,0,1,0,0,1,0,0,0,7,2,0,8,6,0,0,0
34,63 El Filo,Rasgo A3-17 Ind 1,4.1,M,16-20,5,6,11,1,10,0,0,0,0,0,0,0,0,4,0,4,0,0,0,2,0,1,0,4,0,2,0,4,0,0,0,1
35,63 El Filo ,Rasgo A3-17 Ind 2,4.1,F,16-20,6,0,6,0,3,2,0,0,0,0,0,1,0,1,4,0,0,0,0,0,0,1,0,1,0,0,3,1,0,0,0,1
36,65 Piscina Primavera ,Tumba E8,2.0,M,20-24,6,5,11,0,6,4,0,0,0,0,0,1,0,3,1,2,0,1,0,0,3,1,0,3,1,2,0,3,1,0,0,1
37,65 Piscina Primavera ,"Rasgo G5, Tumba F-23",4.2,F,30-35,7,0,7,0,0,1,4,1,0,0,0,1,0,0,2,0,2,0,0,2,0,1,0,0,0,1,0,5,0,0,0,1
38,78 La Lengüeta,Rasgo F-12 Ind 1,2.0,F,20-24,12,11,23,0,13,7,2,0,0,0,0,1,0,6,5,3,0,1,0,4,3,1,0,6,4,2,0,4,6,0,0,1
39,78 La Lengüeta,Rasgo F-12 Ind 2,2.0,M,30-35,0,9,9,0,0,4,3,2,0,0,0,0,0,0,5,2,0,0,0,0,2,0,0,0,4,3,0,1,1,0,0,0
40,78 La Lengüeta,Rasgo L 41-2,4.2,M,>50,0,13,13,0,0,0,2,1,3,6,1,0,0,0,0,10,0,0,0,0,0,3,0,0,3,3,3,1,0,0,0,3
41,89 La Isabela,Rasgo B4-22,4.1,F,40-45,3,3,6,0,0,0,0,2,2,0,2,0,0,0,3,1,0,1,0,0,1,0,0,0,2,0,3,0,1,0,0,0
42,89 La Isabela,Rasgo C-15,4.2,I,>50,0,4,4,0,0,0,0,1,2,0,1,0,0,0,2,2,0,0,0,0,0,0,0,0,1,1,0,1,1,0,0,0
43,89 La Isabela (Salv.),Monit. 135 Salv. 1 Ind 1,4.2,I,16-20,12,11,23,7,16,0,0,0,0,0,0,0,7,12,2,0,0,2,0,0,0,0,7,12,2,0,0,2,0,0,0,0
44,89 La Isabela (Salv.),Monit. 135 Salv. 1 Ind 2,4.2,M,45-50,0,6,6,0,0,0,0,0,4,2,0,0,0,0,6,0,0,0,0,0,0,0,0,0,6,0,0,0,0,0,0,0
45,93 La Nada ,Rasgo J-70 Ind 1,4.1,M,30-35,7,7,14,0,2,0,7,2,2,0,0,1,0,0,7,2,2,1,0,0,1,1,0,0,4,0,2,6,1,0,0,1
46,93 La Nada ,Rasgo J-70 Ind 2,4.1,F,30-35,5,10,15,0,1,1,3,3,0,4,3,0,0,1,5,6,0,0,0,1,0,2,0,1,0,1,6,3,2,0,0,2
47,93 La Nada,Rasgo N-62 Ind 2,4.2,F,35-40,2,1,3,0,0,0,1,0,0,0,0,2,0,0,1,0,0,0,0,0,0,2,0,0,1,0,0,0,0,0,0,2
48,93 La Nada,Rasgo N-67 Ind 1,4.0,I,24-30,9,3,12,0,2,9,1,0,0,0,0,0,0,1,6,1,0,4,0,0,0,0,0,1,2,3,0,5,1,0,0,0
49,93 La Nada,Rasgo N-67 Ind 3,4.0,M,24-30,0,11,11,0,1,6,0,0,0,0,0,4,0,3,1,1,2,0,0,0,0,4,0,3,1,0,0,2,1,0,0,4
50,93 La Nada,"Rasgo O1-67, Ind 1",4.1,I,24-30,16,10,26,0,7,12,3,0,0,0,0,4,0,1,11,4,0,0,0,5,1,4,0,1,8,0,0,8,5,0,0,4
51,93 La Nada,"Rasgo O1-67, Ind 2",4.1,F,24-30,1,4,5,0,0,3,0,1,0,0,1,0,0,0,0,1,0,0,0,1,3,0,0,0,0,0,1,1,3,0,0,0
52,102 La Esperanza Sorpresa,Rasgo K4-48,4.1,F,16-20,6,6,12,0,12,0,0,0,0,0,0,0,0,10,0,2,0,0,0,0,0,0,0,10,0,1,0,1,0,0,0,0
53,El Edén,Rasgo 1,4.0,I,16-20,13,13,26,3,11,5,0,0,0,0,0,7,3,9,1,3,0,0,0,2,1,7,3,9,0,2,0,4,1,0,0,7
54,El Edén,"Salvamento 2, Ind 1",4.0,I,20-24,8,10,18,0,2,11,3,0,0,0,0,2,0,1,8,1,3,2,0,0,1,2,0,1,4,0,0,11,0,0,0,2
55,El Edén,"Salvamento 2, Ind 2",4.0,M,24-30,10,9,19,0,1,12,5,0,0,0,0,1,0,0,6,7,4,1,0,0,0,1,0,0,3,1,0,14,0,0,0,1
56,El Edén,"Rasgo 20, Ind 1",4.0,M,>50,11,12,23,0,0,4,1,14,3,1,0,0,0,0,9,6,4,0,1,2,1,0,0,0,10,2,0,7,4,0,0,0
57,El Edén,"Rasgo 20, Ind 2",4.0,F,16-20,14,11,25,3,16,6,0,0,0,0,0,0,3,13,1,4,0,1,0,3,0,0,3,13,0,4,0,2,3,0,0,0
58,El Edén,"Rasgo 28, Ind 1",4.0,F,35-40,2,5,7,0,0,2,0,4,0,0,0,1,0,0,1,0,1,0,0,4,0,1,0,0,1,0,0,3,2,0,0,1
59,El Edén,"Rasgo 28, Ind 2",4.0,F,24-30,12,15,27,1,9,8,7,0,0,0,0,2,1,2,7,4,0,1,0,5,5,2,1,2,5,0,0,4,13,0,0,2
60,El Edén,"Rasgo 28, Ind 3",4.0,M,>50,0,1,1,0,0,0,0,0,1,0,0,0,0,0,0,1,0,0,0,0,0,0,0,0,0,0,0,1,0,0,0,0
61,El Edén,"Rasgo 29, Ind 1",4.0,M,40-50,10,14,24,0,0,0,5,13,2,0,3,1,0,0,10,4,2,2,2,0,1,3,0,0,1,2,2,15,1,0,0,3
62,El Edén,"Rasgo 29, Ind 2",4.0,F,35-40,7,10,17,0,0,7,9,0,0,0,0,1,0,0,4,2,5,2,0,0,3,1,0,0,2,0,0,10,4,0,0,1
