,Maxilar,Maxilar,Maxilar,Maxilar,Maxilar,Maxilar,Mandíbula,Mandíbula,Mandíbula,Mandíbula,Mandíbula,Mandíbula,mol_D_0,mol_D_1,mol_D_2,mol_D_3,mol_D_4,mol_D_5,mol_D_6,mol_D_7,mol_D_8,mol_D_9,total_#_ds
,Derecho,Derecho,Derecho,Izquierdo,Izquierdo,Izquierdo,Derecho ,Derecho ,Derecho ,Izquierdo,Izquierdo,Izquierdo,,,,,,,,,,,
,18,17,16,26,27,28,48,47,46,36,37,38,,,,,,,,,,,
,D,D,D,D,D,D,D,D,D,D,D,D,,,,,,,,,,,
0,,,2.0,2.0,2.0,0.0,,,,,,,1,0,3,0,0,0,0,0,0,0,4.0
1,,1.0,,2.0,2.0,2.0,,4.0,9.0,2.0,2.0,,0,1,5,0,1,0,0,0,0,1,8.0
2,0.0,6.0,1.0,,,,0.0,,,,,1.0,2,2,0,0,0,0,1,0,0,0,5.0
3,1.0,3.0,2.0,3.0,3.0,1.0,1.0,9.0,2.0,2.0,5.0,1.0,0,4,3,3,0,1,0,0,0,1,12.0
4,,,,9.0,,,,,,,,,0,0,0,0,0,0,0,0,0,1,1.0
5,,,8.0,2.0,,2.0,,,,,,,0,0,2,0,0,0,0,0,1,0,3.0
6,,,,,,,2.0,,,,,,0,0,1,0,0,0,0,0,0,0,1.0
7,,,,,,,9.0,2.0,,4.0,,5.0,0,0,1,0,1,1,0,0,0,1,4.0
8,,,2.0,3.0,,,7.0,,,1.0,,0.0,1,1,1,1,0,0,0,1,0,0,5.0
9,1.0,,9.0,,4.0,1.0,,4.0,9.0,7.0,5.0,,0,2,0,0,2,1,0,1,0,2,8.0
10,,1.0,4.0,4.0,4.0,,,7.0,9.0,,,,0,1,0,0,3,0,0,1,0,1,6.0
11,1.0,,1.0,4.0,,1.0,,,2.0,,,,0,3,1,0,1,0,0,0,0,0,5.0
12,1.0,,4.0,3.0,3.0,1.0,1.0,,3.0,,,1.0,0,4,0,3,1,0,0,0,0,0,8.0
13,,4.0,2.0,3.0,3.0,,,8.0,8.0,3.0,3.0,,0,0,1,4,1,0,0,0,2,0,8.0
14,0.0,3.0,3.0,9.0,,,0.0,7.0,3.0,9.0,8.0,0.0,3,0,0,3,0,0,0,1,1,2,10.0
15,,,3.0,,6.0,,,,,2.0,,,0,0,1,1,0,0,1,0,0,0,3.0
16,0.0,,,,,,,,,,,,1,0,0,0,0,0,0,0,0,0,1.0
17,,8.0,3.0,,,,,2.0,2.0,2.0,2.0,,0,0,4,1,0,0,0,0,1,0,6.0
18,,,2.0,3.0,,,1.0,2.0,6.0,8.0,,5.0,0,1,2,1,0,1,1,0,1,0,7.0
19,,,,2.0,2.0,,,,,2.0,,,0,0,3,0,0,0,0,0,0,0,3.0
20,,,,,3.0,,,,3.0,3.0,9.0,,0,0,0,3,0,0,0,0,0,1,4.0
21,,,,7.0,9.0,,,3.0,,2.0,8.0,,0,0,1,1,0,0,0,1,1,1,5.0
22,8.0,6.0,,6.0,,,,,,,,,0,0,0,0,0,0,2,0,1,0,3.0
23,,0.0,9.0,7.0,0.0,,,,7.0,1.0,0.0,,3,1,0,0,0,0,0,2,0,1,7.0
24,,,8.0,9.0,9.0,,,9.0,,9.0,8.0,,0,0,0,0,0,0,0,0,2,4,6.0
25,,,5.0,7.0,,,,,,,,,0,0,0,0,0,1,0,1,0,0,2.0
26,5.0,3.0,5.0,7.0,8.0,5.0,,,,,,,0,0,0,1,0,3,0,1,1,0,6.0
27,,,,9.0,,,,,,,,,0,0,0,0,0,0,0,0,0,1,1.0
28,,,4.0,,,,,9.0,9.0,,9.0,9.0,0,0,0,0,1,0,0,0,0,4,5.0
29,,5.0,8.0,9.0,2.0,2.0,,2.0,,7.0,9.0,,0,0,3,0,0,1,0,1,1,2,8.0
30,,,,,,,,,3.0,9.0,,,0,0,0,1,0,0,0,0,0,1,2.0
31,1.0,,7.0,7.0,7.0,,1.0,,3.0,9.0,5.0,7.0,0,2,0,1,0,1,0,4,0,1,9.0
32,5.0,,7.0,2.0,7.0,2.0,1.0,3.0,3.0,3.0,3.0,,0,1,2,4,0,1,0,2,0,0,10.0
33,2.0,,2.0,2.0,,,2.0,2.0,2.0,3.0,3.0,3.0,0,0,6,3,0,0,0,0,0,0,9.0
34,,1.0,7.0,7.0,1.0,,3.0,3.0,1.0,3.0,3.0,9.0,0,3,0,4,0,0,0,2,0,1,10.0
35,,2.0,2.0,,2.0,,,,,,,,0,0,3,0,0,0,0,0,0,0,3.0
36,1.0,,2.0,,,,1.0,3.0,,3.0,8.0,,0,2,1,2,0,0,0,0,1,0,6.0
37,,,7.0,,,,,,,,,,0,0,0,0,0,0,0,1,0,0,1.0
38,,8.0,2.0,2.0,2.0,1.0,1.0,9.0,3.0,3.0,3.0,1.0,0,3,3,3,0,0,0,0,1,1,11.0
39,,,,,,,,3.0,3.0,,,,0,0,0,2,0,0,0,0,0,0,2.0
40,,,,,,,,3.0,3.0,3.0,,,0,0,0,3,0,0,0,0,0,0,3.0
41,,2.0,,,,,,,,,,,0,0,1,0,0,0,0,0,0,0,1.0
42,,,,,,,,,3.0,,,,0,0,0,1,0,0,0,0,0,0,1.0
43,0.0,0.0,,1.0,0.0,0.0,,0.0,,5.0,1.0,0.0,6,2,0,0,0,1,0,0,0,0,9.0
44,,,,,,,,,,,,,0,0,0,0,0,0,0,0,0,0,0.0
45,,8.0,2.0,,,,,,,,,,0,0,1,0,0,0,0,0,1,0,2.0
46,,9.0,2.0,7.0,,,,,,,2.0,1.0,0,1,2,0,0,0,0,1,0,1,5.0
47,,,,,,,,,,,,,0,0,0,0,0,0,0,0,0,0,0.0
48,2.0,2.0,,2.0,2.0,5.0,,,2.0,,,,0,0,5,0,0,1,0,0,0,0,6.0
49,,,,,,,,9.0,3.0,9.0,9.0,9.0,0,0,0,1,0,0,0,0,0,4,5.0
50,2.0,2.0,2.0,9.0,2.0,7.0,3.0,,9.0,3.0,9.0,,0,0,4,2,0,0,0,1,0,3,10.0
51,,,,,,,,,,,,,0,0,0,0,0,0,0,0,0,0,0.0
52,,1.0,1.0,3.0,1.0,,,1.0,1.0,3.0,,,0,5,0,2,0,0,0,0,0,0,7.0
53,0.0,1.0,7.0,7.0,1.0,0.0,,3.0,9.0,3.0,3.0,0.0,3,2,0,3,0,0,0,2,0,1,11.0
54,,5.0,,2.0,,1.0,,,2.0,2.0,,,0,1,3,0,0,1,0,0,0,0,5.0
55,,2.0,,2.0,4.0,5.0,,,3.0,3.0,3.0,,0,0,2,3,1,1,0,0,0,0,7.0
56,,,2.0,2.0,,,,,3.0,,,3.0,0,0,2,2,0,0,0,0,0,0,4.0
57,0.0,2.0,7.0,7.0,1.0,0.0,,3.0,3.0,3.0,1.0,,2,2,1,3,0,0,0,2,0,0,10.0
58,,,,7.0,,9.0,,,,,,,0,0,0,0,0,0,0,1,0,1,2.0
59,1.0,7.0,7.0,2.0,2.0,0.0,9.0,9.0,3.0,3.0,3.0,1.0,1,2,2,3,0,0,0,2,0,2,12.0
60,,,,,,,,,,,,,0,0,0,0,0,0,0,0,0,0,0.0
61,,,,,,,4.0,,9.0,9.0,3.0,,0,0,0,1,1,0,0,0,0,2,4.0
62,,9.0,2.0,,2.0,,,,4.0,3.0,,,0,0,2,1,1,0,0,0,0,1,5.0
