,Sitio,Rasgo,Periodo,Sexo,Edad,N° dientes,N° dientes,suma_dientes,numero_de_caries,numero_de_dientes_caries_no_obs,porcentaje_dientes_con_caries,car_P_1,car_P_2,car_P_3,car_P_4,numero_de_caries_localizadas,numero_de_dientes_caries_no_loc,porcentaje_dientes_con_caries_localizadas,car_L_1,car_L_2,car_L_3,car_L_4,car_L_5,car_L_6,car_L_7,car_L_8
,Unnamed: 0_level_1,Unnamed: 2_level_1,Unnamed: 3_level_1,Unnamed: 4_level_1,Unnamed: 5_level_1,Unnamed: 6_level_1,Unnamed: 7_level_1,,,,,,,,,,,,,,,,,,,
,Unnamed: 0_level_2,Unnamed: 2_level_2,Unnamed: 3_level_2,Unnamed: 4_level_2,Unnamed: 5_level_2,Unnamed: 6_level_2,Unnamed: 7_level_2,,,,,,,,,,,,,,,,,,,
,Unnamed: 0_level_3,Unnamed: 2_level_3,Unnamed: 3_level_3,Unnamed: 4_level_3,Unnamed: 5_level_3,Maxilar,Mandíbula,,,,,,,,,,,,,,,,,,,
0,01 Palma Plana  ,Rasgo L-20 (II),4.1,M,24-30,9,1,10,3,0,0.3,1,2,0,0,3,0,0.3,1,1,0,1,0,0,0,0
1,02 Palma Torre,B-5 Tumba 2,4.2,F,20-24,11,4,15,4,0,0.26666666666666666,4,0,0,0,4,0,0.26666666666666666,4,0,0,0,0,0,0,0
2,02 Palma Torre,Rasgo 05 cuadro 29,4.2,F,16-20,6,2,8,3,0,0.375,3,0,0,0,3,0,0.375,3,0,0,0,0,0,0,0
3,09 El Refugio,Salv. 1 Tumba 2 Ind 1,4.2,F,24-30,13,16,29,10,0,0.3448275862068966,7,1,2,0,10,0,0.3448275862068966,8,2,0,0,0,0,0,0
4,09 El Refugio,Salv. 44 Tumba 2 Ind 1,4.1,F,35-40,1,2,3,1,0,0.3333333333333333,0,0,1,0,1,0,0.3333333333333333,1,0,0,0,0,0,0,0
5,09 El Refugio,Salv. 44 Tumba 2 Ind 2,4.1,F,40-50,7,6,13,1,4,0.1111111111111111,0,0,1,0,1,4,0.1111111111111111,0,0,0,0,0,1,0,0
6,09 El Refugio,Salv. 43 Tumba 1 Ind H (2),4.2,F,30-35,7,1,8,8,0,1.0,0,1,6,1,8,0,1.0,0,0,0,0,0,2,0,6
7,09 El Refugio,Salv. 43 Tumba 1 Ind M (1),4.2,M,30-35,4,13,17,6,5,0.5,0,4,0,2,6,5,0.5,1,0,0,0,0,5,0,0
8,09 El Refugio,Salv. 45 Tumba 3 Ind 1,4.2,M,35-40,5,11,16,5,2,0.35714285714285715,4,1,0,0,5,2,0.35714285714285715,2,0,2,1,0,0,0,0
9,11 El Mirador,Rasgo F-18,4.1,F,24-30,4,8,12,7,1,0.6363636363636364,6,1,0,0,7,1,0.6363636363636364,6,0,0,1,0,0,0,0
10,11 El Mirador,Rasgo E-12 Ind 1,3.0,M,20-24,6,5,11,7,2,0.7777777777777778,6,1,0,0,7,2,0.7777777777777778,6,0,1,0,0,0,0,0
11,11 El Mirador,Rasgo E-12 Ind 2,3.0,F,20-24,6,3,9,4,1,0.5,4,0,0,0,4,1,0.5,4,0,0,0,0,0,0,0
12,12 Torre de Energía,Rasgo F3-67 Ind 1,4.2,F,20-24,8,7,15,3,1,0.21428571428571427,3,0,0,0,3,1,0.21428571428571427,2,1,0,0,0,0,0,0
13,12 Torre de Energía,Rasgo F3-67 Ind 2,4.2,F,30-35,10,10,20,2,0,0.1,1,1,0,0,2,0,0.1,1,0,0,0,0,1,0,0
14,12 Torre de Energía,Rasgo F3-67 Ind 3,4.2,M,16-20,10,16,26,11,1,0.44,11,0,0,0,11,1,0.44,9,2,0,0,0,0,0,0
15,12 Torre de Energía,Rasgo F3-67 Ind 4,4.2,F,30-35,4,3,7,2,0,0.2857142857142857,2,0,0,0,2,0,0.2857142857142857,1,1,0,0,0,0,0,0
16,12 Torre de Energía,Rasgo A3-26,4.2,F,35-40,8,10,18,1,0,0.05555555555555555,1,0,0,0,1,0,0.05555555555555555,1,0,0,0,0,0,0,0
17,12 Torre de Energía (S.T),Rasgo 8.1,4.1,F,16-20,7,12,19,11,1,0.6111111111111112,11,0,0,0,11,1,0.6111111111111112,11,0,0,0,0,0,0,0
18,12 Torre de Energía,Rasgo I5-80 Ind 1,4.2,M,35-40,4,9,13,6,2,0.5454545454545454,1,3,0,2,6,2,0.5454545454545454,4,0,0,0,0,2,0,0
19,12 Torre de Energía,Rasgo I5-80 Ind 2,4.2,F,35-40,4,4,8,1,1,0.14285714285714285,0,0,0,1,1,1,0.14285714285714285,0,0,0,0,0,1,0,0
20,21 Selva Ventiaderos,Rasgo G-47,4.1,F,30-35,1,6,7,1,2,0.2,1,0,0,0,1,2,0.2,0,1,0,0,0,0,0,0
21,21 Selva Ventiaderos,Rasgo D-13,4.1,F,16-20,2,6,8,5,2,0.8333333333333334,3,2,0,0,5,2,0.8333333333333334,5,0,0,0,0,0,0,0
22,22 Selva Bamba,Rasgo D-40,4.2,F,20-24,12,0,12,4,0,0.3333333333333333,4,0,0,0,4,0,0.3333333333333333,3,0,0,1,0,0,0,0
23,37 Primavera El placer,Rasgo B4-48 Ind 1,3.0,F,16-20,9,10,19,8,1,0.4444444444444444,8,0,0,0,8,1,0.4444444444444444,6,0,2,0,0,0,0,0
24,37 Primavera El placer,Rasgo B4-48 Ind 2,3.0,F,30-35,7,9,16,4,6,0.4,4,0,0,0,4,6,0.4,4,0,0,0,0,0,0,0
25,38 El Recreo Tórtola,Rasgo E2-22 Ind 1,4.2,M,24-30,6,2,8,5,1,0.7142857142857143,3,0,0,2,5,1,0.7142857142857143,1,0,0,1,0,3,0,0
26,38 El Recreo Tórtola,Rasgo E2-22 Ind 2,4.2,F,20-24,15,0,15,6,1,0.42857142857142855,5,0,0,1,6,1,0.42857142857142855,5,0,0,0,0,1,0,0
27,41 El Vergel los Búfalos,Corte C-5 Rasgo B5-3,4.2,F,35-40,6,9,15,5,0,0.3333333333333333,0,4,0,1,5,0,0.3333333333333333,0,0,0,0,0,4,0,1
28,41 El Vergel los Búfalos,Rasgo E3-9,4.2,M,40-50,10,14,24,12,0,0.5,9,1,0,2,12,0,0.5,2,0,0,0,1,8,0,1
29,41 El Vergel los Búfalos,Rasgo C1-10 Ind 1,4.2,I,24-30,14,10,24,10,1,0.43478260869565216,9,0,1,0,10,1,0.43478260869565216,5,2,0,0,0,3,0,0
30,60 Torre Baja,Rasgo 21 Ind 1,4.1,M,24-30,2,5,7,1,2,0.2,0,1,0,0,1,2,0.2,0,1,0,0,0,0,0,0
31,60 Torre Baja,"Rasgo 03, Ind 2",4.1,M,30-35,9,13,22,11,1,0.5238095238095238,10,0,1,0,11,1,0.5238095238095238,9,2,0,0,0,0,0,0
32,60 Torre Baja,"Rasgo 05, Ind 1",4.2,F,35-40,14,15,29,3,0,0.10344827586206896,2,1,0,0,3,0,0.10344827586206896,2,0,0,0,0,1,0,0
33,60 Torre Baja,"Rasgo 05, Ind 2",4.2,M,35-40,7,16,23,1,0,0.043478260869565216,1,0,0,0,1,0,0.043478260869565216,1,0,0,0,0,0,0,0
34,63 El Filo,Rasgo A3-17 Ind 1,4.1,M,16-20,5,6,11,10,0,0.9090909090909091,10,0,0,0,10,0,0.9090909090909091,10,0,0,0,0,0,0,0
35,63 El Filo ,Rasgo A3-17 Ind 2,4.1,F,16-20,6,0,6,4,1,0.8,4,0,0,0,4,1,0.8,4,0,0,0,0,0,0,0
36,65 Piscina Primavera ,Tumba E8,2.0,M,20-24,6,5,11,2,0,0.18181818181818182,2,0,0,0,2,0,0.18181818181818182,2,0,0,0,0,0,0,0
37,65 Piscina Primavera ,"Rasgo G5, Tumba F-23",4.2,F,30-35,7,0,7,4,0,0.5714285714285714,4,0,0,0,4,0,0.5714285714285714,4,0,0,0,0,0,0,0
38,78 La Lengüeta,Rasgo F-12 Ind 1,2.0,F,20-24,12,11,23,12,0,0.5217391304347826,10,2,0,0,12,0,0.5217391304347826,12,0,0,0,0,0,0,0
39,78 La Lengüeta,Rasgo F-12 Ind 2,2.0,M,30-35,0,9,9,3,0,0.3333333333333333,3,0,0,0,3,0,0.3333333333333333,2,0,0,0,0,1,0,0
40,78 La Lengüeta,Rasgo L 41-2,4.2,M,>50,0,13,13,1,0,0.07692307692307693,0,0,0,1,1,0,0.07692307692307693,0,0,0,0,0,0,0,1
41,89 La Isabela,Rasgo B4-22,4.1,F,40-45,3,3,6,6,0,1.0,2,2,0,2,6,0,1.0,1,0,0,0,0,3,0,2
42,89 La Isabela,Rasgo C-15,4.2,I,>50,0,4,4,3,1,1.0,2,0,0,1,3,1,1.0,1,0,0,0,0,1,0,1
43,89 La Isabela (Salv.),Monit. 135 Salv. 1 Ind 1,4.2,I,16-20,12,11,23,2,0,0.08695652173913043,1,1,0,0,2,0,0.08695652173913043,1,1,0,0,0,0,0,0
44,89 La Isabela (Salv.),Monit. 135 Salv. 1 Ind 2,4.2,M,45-50,0,6,6,6,0,1.0,0,0,6,0,6,0,1.0,0,0,0,0,0,0,0,6
45,93 La Nada ,Rasgo J-70 Ind 1,4.1,M,30-35,7,7,14,5,0,0.35714285714285715,4,0,1,0,5,0,0.35714285714285715,0,0,0,1,0,4,0,0
46,93 La Nada ,Rasgo J-70 Ind 2,4.1,F,30-35,5,10,15,15,0,1.0,4,0,6,5,15,0,1.0,2,0,0,0,0,7,0,6
47,93 La Nada,Rasgo N-62 Ind 2,4.2,F,35-40,2,1,3,2,1,1.0,1,0,0,1,2,1,1.0,0,0,0,1,0,1,0,0
48,93 La Nada,Rasgo N-67 Ind 1,4.0,I,24-30,9,3,12,6,0,0.5,6,0,0,0,6,0,0.5,6,0,0,0,0,0,0,0
49,93 La Nada,Rasgo N-67 Ind 3,4.0,M,24-30,0,11,11,4,0,0.36363636363636365,1,2,0,1,4,0,0.36363636363636365,2,0,0,0,0,1,1,0
50,93 La Nada,"Rasgo O1-67, Ind 1",4.1,I,24-30,16,10,26,9,2,0.375,8,0,0,1,9,2,0.375,9,0,0,0,0,0,0,0
51,93 La Nada,"Rasgo O1-67, Ind 2",4.1,F,24-30,1,4,5,4,0,0.8,1,1,1,1,4,0,0.8,0,0,0,0,0,3,0,1
52,102 La Esperanza Sorpresa,Rasgo K4-48,4.1,F,16-20,6,6,12,4,0,0.3333333333333333,4,0,0,0,4,0,0.3333333333333333,4,0,0,0,0,0,0,0
53,El Edén,Rasgo 1,4.0,I,16-20,13,13,26,8,5,0.38095238095238093,5,3,0,0,8,5,0.38095238095238093,8,0,0,0,0,0,0,0
54,El Edén,"Salvamento 2, Ind 1",4.0,I,20-24,8,10,18,5,2,0.3125,4,0,1,0,5,2,0.3125,3,1,0,0,0,1,0,0
55,El Edén,"Salvamento 2, Ind 2",4.0,M,24-30,10,9,19,3,1,0.16666666666666666,3,0,0,0,3,1,0.16666666666666666,3,0,0,0,0,0,0,0
56,El Edén,"Rasgo 20, Ind 1",4.0,M,>50,11,12,23,9,0,0.391304347826087,5,2,0,2,9,0,0.391304347826087,0,0,0,0,0,5,3,1
57,El Edén,"Rasgo 20, Ind 2",4.0,F,16-20,14,11,25,14,0,0.56,13,0,1,0,14,0,0.56,12,0,1,1,0,0,0,0
58,El Edén,"Rasgo 28, Ind 1",4.0,F,35-40,2,5,7,4,0,0.5714285714285714,3,1,0,0,4,0,0.5714285714285714,2,0,0,1,0,1,0,0
59,El Edén,"Rasgo 28, Ind 2",4.0,F,24-30,12,15,27,16,0,0.5925925925925926,10,4,2,0,16,0,0.5925925925925926,8,1,0,4,0,3,0,0
60,El Edén,"Rasgo 28, Ind 3",4.0,M,>50,0,1,1,0,0,0.0,0,0,0,0,0,0,0.0,0,0,0,0,0,0,0,0
61,El Edén,"Rasgo 29, Ind 1",4.0,M,40-50,10,14,24,7,0,0.2916666666666667,2,2,0,3,16,0,0.6666666666666666,2,0,0,0,0,2,9,3
62,El Edén,"Rasgo 29, Ind 2",4.0,F,35-40,7,10,17,2,0,0.11764705882352941,2,0,0,0,2,0,0.11764705882352941,2,0,0,0,0,0,0,0
